1900.083333	0.001357973
1900.166667	0.000897825
1900.25	0.000974553
1900.333333	0.000927087
1900.416667	0.000601811
1900.5	0.000418379
1900.583333	0.000714214
1900.666667	0.000967732
1900.75	0.000971001
1900.833333	0.000780382
1900.916667	0.000798924
1901	0.000883919
1901.083333	0.000937307
1901.166667	0.000875573
1901.25	0.000987721
1901.333333	0.001440687
1901.416667	0.001734195
1901.5	0.001795177
1901.583333	0.001645
1901.666667	0.001496171
1901.75	0.001583869
1901.833333	0.001655377
1901.916667	0.001769071
1902	0.002145047
1902.083333	0.002502257
1902.166667	0.002611805
1902.25	0.002638665
1902.333333	0.002618153
1902.416667	0.002701209
1902.5	0.002831804
1902.583333	0.00285812
1902.666667	0.00294724
1902.75	0.003035189
1902.833333	0.002963722
1902.916667	0.002899981
1903	0.002758036
1903.083333	0.002639346
1903.166667	0.002760647
1903.25	0.002953574
1903.333333	0.002991632
1903.416667	0.002799136
1903.5	0.002710054
1903.583333	0.003060385
1903.666667	0.00356332
1903.75	0.003761326
1903.833333	0.003519607
1903.916667	0.003307799
1904	0.003365914
1904.083333	0.003169834
1904.166667	0.002793378
1904.25	0.002692925
1904.333333	0.003014296
1904.416667	0.003118477
1904.5	0.002904229
1904.583333	0.002749249
1904.666667	0.002578763
1904.75	0.002354999
1904.833333	0.002222027
1904.916667	0.002418339
1905	0.002920517
1905.083333	0.003112341
1905.166667	0.002879764
1905.25	0.002566377
1905.333333	0.002400137
1905.416667	0.002624729
1905.5	0.002889435
1905.583333	0.0027756
1905.666667	0.002504376
1905.75	0.00223538
1905.833333	0.00217689
1905.916667	0.002227537
1906	0.002276254
1906.083333	0.002185165
1906.166667	0.001902216
1906.25	0.001746792
1906.333333	0.001695414
1906.416667	0.001657254
1906.5	0.001485373
1906.583333	0.001299801
1906.666667	0.001204356
1906.75	0.000964137
1906.833333	0.000677047
1906.916667	0.000672251
1907	0.000927001
1907.083333	0.001308123
1907.166667	0.001206007
1907.25	0.001083785
1907.333333	0.001151569
1907.416667	0.001153313
1907.5	0.0009441
1907.583333	0.001035437
1907.666667	0.00153138
1907.75	0.001922568
1907.833333	0.002108165
1907.916667	0.002359717
1908	0.002432517
1908.083333	0.002435637
1908.166667	0.00252913
1908.25	0.002712161
1908.333333	0.002915504
1908.416667	0.00283344
1908.5	0.00276907
1908.583333	0.002985192
1908.666667	0.003279722
1908.75	0.00355078
1908.833333	0.003572624
1908.916667	0.003507766
1909	0.003646571
1909.083333	0.003951252
1909.166667	0.004283985
1909.25	0.004672652
1909.333333	0.004928082
1909.416667	0.004734571
1909.5	0.004461465
1909.583333	0.004328464
1909.666667	0.004659003
1909.75	0.005156179
1909.833333	0.005160408
1909.916667	0.004641933
1910	0.004201815
1910.083333	0.004570392
1910.166667	0.004960156
1910.25	0.005054211
1910.333333	0.005065487
1910.416667	0.005121901
1910.5	0.005103294
1910.583333	0.005002794
1910.666667	0.005247315
1910.75	0.005348027
1910.833333	0.005059402
1910.916667	0.004865758
1911	0.004681313
1911.083333	0.004413608
1911.166667	0.004433789
1911.25	0.004729272
1911.333333	0.004787109
1911.416667	0.004674435
1911.5	0.004380188
1911.583333	0.004156311
1911.666667	0.004139142
1911.75	0.004260519
1911.833333	0.004283172
1911.916667	0.003850407
1912	0.003483353
1912.083333	0.003423607
1912.166667	0.00339685
1912.25	0.003259929
1912.333333	0.002932308
1912.416667	0.002589314
1912.5	0.002508778
1912.583333	0.002228465
1912.666667	0.001687329
1912.75	0.001579409
1912.833333	0.001815926
1912.916667	0.001934645
1913	0.001803674
1913.083333	0.001441433
1913.166667	0.001318
1913.25	0.001271823
1913.333333	0.000950076
1913.416667	0.000845379
1913.5	0.001230805
1913.583333	0.001727253
1913.666667	0.001777625
1913.75	0.00177373
1913.833333	0.001914484
1913.916667	0.00186559
1914	0.001613112
1914.083333	0.001743698
1914.166667	0.002311681
1914.25	0.002387301
1914.333333	0.001834902
1914.416667	0.001672585
1914.5	0.002193283
1914.583333	0.002711874
1914.666667	0.003095726
1914.75	0.003191483
1914.833333	0.003133152
1914.916667	0.003205886
1915	0.002909551
1915.083333	0.003075199
1915.166667	0.00366426
1915.25	0.003818471
1915.333333	0.003625636
1915.416667	0.003570246
1915.5	0.003588116
1915.583333	0.003687881
1915.666667	0.004204012
1915.75	0.004717618
1915.833333	0.004408585
1915.916667	0.003997302
1916	0.003670528
1916.083333	0.003748558
1916.166667	0.004431529
1916.25	0.004391866
1916.333333	0.004142997
1916.416667	0.004003827
1916.5	0.004089617
1916.583333	0.004658452
1916.666667	0.004557899
1916.75	0.003879371
1916.833333	0.003720796
1916.916667	0.003794527
1917	0.003739136
1917.083333	0.0036013
1917.166667	0.003717148
1917.25	0.003973301
1917.333333	0.004017643
1917.416667	0.003859908
1917.5	0.003248909
1917.583333	0.002779644
1917.666667	0.002780328
1917.75	0.002871781
1917.833333	0.002742449
1917.916667	0.00262149
1918	0.00265886
1918.083333	0.002765058
1918.166667	0.003037537
1918.25	0.002706481
1918.333333	0.002279121
1918.416667	0.001900136
1918.5	0.001519891
1918.583333	0.001852242
1918.666667	0.001873059
1918.75	0.001462886
1918.833333	0.000720701
1918.916667	0.000193631
1919	0.000265136
1919.083333	0.000694018
1919.166667	0.000521982
1919.25	0.000114285
1919.333333	0.000544772
1919.416667	0.000726006
1919.5	0.001191108
1919.583333	0.001250087
1919.666667	0.001322674
1919.75	0.001047603
1919.833333	0.00078543
1919.916667	0.001373035
1920	0.001985073
1920.083333	0.001571631
1920.166667	0.001168771
1920.25	0.00162385
1920.333333	0.00230246
1920.416667	0.002477303
1920.5	0.00233811
1920.583333	0.002257366
1920.666667	0.002072141
1920.75	0.001980268
1920.833333	0.002119748
1920.916667	0.002512394
1921	0.002961248
1921.083333	0.002768103
1921.166667	0.002303001
1921.25	0.002510267
1921.333333	0.002880854
1921.416667	0.00287518
1921.5	0.002605147
1921.583333	0.002180344
1921.666667	0.00228978
1921.75	0.002459787
1921.833333	0.002319838
1921.916667	0.002566122
1922	0.003031575
1922.083333	0.002900903
1922.166667	0.002582558
1922.25	0.0027283
1922.333333	0.002868662
1922.416667	0.003158259
1922.5	0.003478302
1922.583333	0.003140903
1922.666667	0.002331429
1922.75	0.002105389
1922.833333	0.002348376
1922.916667	0.002826333
1923	0.003047256
1923.083333	0.002865745
1923.166667	0.002900488
1923.25	0.003148651
1923.333333	0.003124532
1923.416667	0.002875522
1923.5	0.002909704
1923.583333	0.002900409
1923.666667	0.002695905
1923.75	0.002456767
1923.833333	0.002372463
1923.916667	0.002663623
1924	0.002801861
1924.083333	0.002640902
1924.166667	0.002519048
1924.25	0.002065273
1924.333333	0.001467826
1924.416667	0.001380464
1924.5	0.001689069
1924.583333	0.002052152
1924.666667	0.001928464
1924.75	0.001556461
1924.833333	0.001262171
1924.916667	0.001536744
1925	0.001999466
1925.083333	0.002098503
1925.166667	0.001731827
1925.25	0.00194501
1925.333333	0.001781243
1925.416667	0.001057878
1925.5	0.000797031
1925.583333	0.001109574
1925.666667	0.001240447
1925.75	0.000864047
1925.833333	0.000701157
1925.916667	0.001011357
1926	0.001277937
1926.083333	0.001564345
1926.166667	0.002003714
1926.25	0.002170479
1926.333333	0.001651548
1926.416667	0.001238194
1926.5	0.001306187
1926.583333	0.00136123
1926.666667	0.001297227
1926.75	0.001074829
1926.833333	0.00059363
1926.916667	0.000400136
1927	0.000503727
1927.083333	0.000200445
1927.166667	0.000271544
1927.25	0.000578744
1927.333333	0.000942124
1927.416667	0.000780508
1927.5	0.000616984
1927.583333	0.001105637
1927.666667	0.001264802
1927.75	0.00087585
1927.833333	0.000743587
1927.916667	0.001001024
1928	0.001326265
1928.083333	0.001475302
1928.166667	0.001205034
1928.25	0.000941982
1928.333333	0.00096669
1928.416667	0.000871113
1928.5	0.000988433
1928.583333	0.001077502
1928.666667	0.001108886
1928.75	0.00108319
1928.833333	0.000986201
1928.916667	0.000794816
1929	0.000524081
1929.083333	0.000562307
1929.166667	0.001068637
1929.25	0.001712711
1929.333333	0.00187911
1929.416667	0.00180461
1929.5	0.00216157
1929.583333	0.002365663
1929.666667	0.002256247
1929.75	0.002141314
1929.833333	0.002019443
1929.916667	0.001962169
1930	0.002381265
1930.083333	0.002839254
1930.166667	0.002473557
1930.25	0.002010445
1930.333333	0.002139758
1930.416667	0.002357281
1930.5	0.002369557
1930.583333	0.002357202
1930.666667	0.002573404
1930.75	0.002579977
1930.833333	0.002543888
1930.916667	0.002620469
1931	0.002667099
1931.083333	0.002743091
1931.166667	0.002320904
1931.25	0.002313196
1931.333333	0.002724981
1931.416667	0.003063209
1931.5	0.0032199
1931.583333	0.002885755
1931.666667	0.002680454
1931.75	0.003371007
1931.833333	0.003588261
1931.916667	0.003053963
1932	0.002925704
1932.083333	0.003011314
1932.166667	0.003045284
1932.25	0.002997327
1932.333333	0.00227539
1932.416667	0.001847457
1932.5	0.002257222
1932.583333	0.00262065
1932.666667	0.002450352
1932.75	0.001718611
1932.833333	0.001628699
1932.916667	0.002303852
1933	0.00284725
1933.083333	0.002785979
1933.166667	0.002303863
1933.25	0.00210513
1933.333333	0.002023955
1933.416667	0.001901444
1933.5	0.001906561
1933.583333	0.002034033
1933.666667	0.001828266
1933.75	0.001450565
1933.833333	0.001409465
1933.916667	0.001566763
1934	0.001717502
1934.083333	0.001887456
1934.166667	0.001855502
1934.25	0.001511204
1934.333333	0.00128372
1934.416667	0.001777929
1934.5	0.002293993
1934.583333	0.002171834
1934.666667	0.001415668
1934.75	0.000965392
1934.833333	0.001249874
1934.916667	0.001092173
1935	0.000851282
1935.083333	0.000526097
1935.166667	0.000369303
1935.25	0.000640488
1935.333333	0.000605026
1935.416667	0.000515707
1935.5	0.000653517
1935.583333	0.000419528
1935.666667	7.14493E-05
1935.75	0.000407177
1935.833333	0.000772644
1935.916667	0.000726994
1936	0.001040634
1936.083333	0.001172595
1936.166667	0.000833735
1936.25	0.000952531
1936.333333	0.00139584
1936.416667	0.00160995
1936.5	0.001620961
1936.583333	0.001862392
1936.666667	0.002039542
1936.75	0.001694197
1936.833333	0.001299685
1936.916667	0.001525033
1937	0.001916038
1937.083333	0.001891283
1937.166667	0.001647236
1937.25	0.001804333
1937.333333	0.002042973
1937.416667	0.002106142
1937.5	0.00217269
1937.583333	0.002289917
1937.666667	0.002054006
1937.75	0.00152026
1937.833333	0.001436229
1937.916667	0.002089411
1938	0.002544964
1938.083333	0.002649206
1938.166667	0.002720901
1938.25	0.002403518
1938.333333	0.002129431
1938.416667	0.00234228
1938.5	0.003042605
1938.583333	0.002909785
1938.666667	0.002611188
1938.75	0.003457367
1938.833333	0.003680936
1938.916667	0.002927241
1939	0.00177702
1939.083333	0.001994499
1939.166667	0.002481985
1939.25	0.002210633
1939.333333	0.001621213
1939.416667	0.001481492
1939.5	0.002012056
1939.583333	0.002612425
1939.666667	0.002599115
1939.75	0.002125006
1939.833333	0.001865047
1939.916667	0.002201732
1940	0.002578966
1940.083333	0.002632344
1940.166667	0.002507733
1940.25	0.002591224
1940.333333	0.002472495
1940.416667	0.002412263
1940.5	0.002631054
1940.583333	0.002666504
1940.666667	0.002401385
1940.75	0.002293966
1940.833333	0.002194949
1940.916667	0.001695234
1941	0.001447307
1941.083333	0.001740955
1941.166667	0.002021014
1941.25	0.001602833
1941.333333	0.000962211
1941.416667	0.00107892
1941.5	0.001500483
1941.583333	0.001594507
1941.666667	0.00143362
1941.75	0.001280296
1941.833333	0.001341027
1941.916667	0.001467969
1942	0.001662931
1942.083333	0.001410817
1942.166667	0.000971513
1942.25	0.001218065
1942.333333	0.000873129
1942.416667	0.000320815
1942.5	0.000202941
1942.583333	0.00027953
1942.666667	0.000385644
1942.75	0.000527902
1942.833333	0.000511767
1942.916667	0.000696915
1943	0.000750949
1943.083333	0.000657652
1943.166667	0.000775482
1943.25	0.001012402
1943.333333	0.001119145
1943.416667	0.001358856
1943.5	0.001524689
1943.583333	0.001504448
1943.666667	0.001841932
1943.75	0.002271318
1943.833333	0.002228455
1943.916667	0.001902847
1944	0.001658959
1944.083333	0.001433542
1944.166667	0.001469423
1944.25	0.002048291
1944.333333	0.00281548
1944.416667	0.00311617
1944.5	0.003094176
1944.583333	0.003112591
1944.666667	0.003424706
1944.75	0.004048902
1944.833333	0.003750313
1944.916667	0.003051598
1945	0.002723031
1945.083333	0.002642793
1945.166667	0.002846489
1945.25	0.003155392
1945.333333	0.003430429
1945.416667	0.003788089
1945.5	0.004074118
1945.583333	0.004081325
1945.666667	0.003863729
1945.75	0.003823205
1945.833333	0.004117358
1945.916667	0.004429957
1946	0.004338339
1946.083333	0.003895036
1946.166667	0.003588442
1946.25	0.003940436
1946.333333	0.004195265
1946.416667	0.003970357
1946.5	0.003806847
1946.583333	0.003852066
1946.666667	0.004235169
1946.75	0.004323688
1946.833333	0.003812991
1946.916667	0.003574233
1947	0.003854547
1947.083333	0.004012314
1947.166667	0.003884701
1947.25	0.003898501
1947.333333	0.003530242
1947.416667	0.003143611
1947.5	0.003422793
1947.583333	0.00362493
1947.666667	0.003317561
1947.75	0.002767943
1947.833333	0.002147484
1947.916667	0.001848386
1948	0.002004386
1948.083333	0.002428631
1948.166667	0.002555122
1948.25	0.00254176
1948.333333	0.002766951
1948.416667	0.002456291
1948.5	0.001731421
1948.583333	0.001618249
1948.666667	0.001902915
1948.75	0.002115271
1948.833333	0.002329479
1948.916667	0.002324823
1949	0.002342794
1949.083333	0.002491924
1949.166667	0.002429491
1949.25	0.002429099
1949.333333	0.002484401
1949.416667	0.002437557
1949.5	0.002587499
1949.583333	0.003118658
1949.666667	0.003393233
1949.75	0.003426932
1949.833333	0.003875271
1949.916667	0.003957915
1950	0.003498441
1950.083333	0.003467419
1950.166667	0.003836322
1950.25	0.004081723
1950.333333	0.00400525
1950.416667	0.003884884
1950.5	0.003883455
1950.583333	0.004014661
1950.666667	0.004514411
1950.75	0.005089322
1950.833333	0.005132156
1950.916667	0.005213699
1951	0.005562656
1951.083333	0.005424791
1951.166667	0.005363758
1951.25	0.005467198
1951.333333	0.005367863
1951.416667	0.00540835
1951.5	0.005640214
1951.583333	0.005877018
1951.666667	0.005621229
1951.75	0.005374203
1951.833333	0.005276154
1951.916667	0.005382671
1952	0.005856137
1952.083333	0.006303574
1952.166667	0.006143043
1952.25	0.00563854
1952.333333	0.00535583
1952.416667	0.005184123
1952.5	0.005332024
1952.583333	0.005427851
1952.666667	0.005503637
1952.75	0.005821357
1952.833333	0.006001054
1952.916667	0.00555112
1953	0.004918244
1953.083333	0.004877185
1953.166667	0.005143912
1953.25	0.00517363
1953.333333	0.005141488
1953.416667	0.00518393
1953.5	0.005341241
1953.583333	0.005264105
1953.666667	0.005006925
1953.75	0.004979137
1953.833333	0.005007452
1953.916667	0.0041452
1954	0.00372178
1954.083333	0.003807253
1954.166667	0.003622535
1954.25	0.003304061
1954.333333	0.002944209
1954.416667	0.002916835
1954.5	0.003209459
1954.583333	0.00305127
1954.666667	0.002285311
1954.75	0.00164558
1954.833333	0.001682201
1954.916667	0.001958601
1955	0.002262905
1955.083333	0.002093254
1955.166667	0.001661761
1955.25	0.001727267
1955.333333	0.002016548
1955.416667	0.002066642
1955.5	0.002109699
1955.583333	0.002048059
1955.666667	0.002047205
1955.75	0.002324952
1955.833333	0.00246338
1955.916667	0.00279077
1956	0.003293547
1956.083333	0.002774066
1956.166667	0.002196955
1956.25	0.002282596
1956.333333	0.00273447
1956.416667	0.003235296
1956.5	0.0031282
1956.583333	0.002731854
1956.666667	0.002841903
1956.75	0.003567214
1956.833333	0.003931146
1956.916667	0.003918011
1957	0.004071762
1957.083333	0.004451209
1957.166667	0.004335237
1957.25	0.004081924
1957.333333	0.004202206
1957.416667	0.00451146
1957.5	0.004984071
1957.583333	0.005074304
1957.666667	0.004988379
1957.75	0.004839534
1957.833333	0.00458799
1957.916667	0.004684249
1958	0.00482334
1958.083333	0.004670454
1958.166667	0.004374485
1958.25	0.004244831
1958.333333	0.004229947
1958.416667	0.004247611
1958.5	0.004562864
1958.583333	0.004508846
1958.666667	0.004163964
1958.75	0.004128663
1958.833333	0.004188698
1958.916667	0.004270476
1959	0.004159508
1959.083333	0.003821338
1959.166667	0.003883362
1959.25	0.004604883
1959.333333	0.004618905
1959.416667	0.004032199
1959.5	0.003684554
1959.583333	0.003598674
1959.666667	0.003357577
1959.75	0.00325694
1959.833333	0.003558334
1959.916667	0.004003355
1960	0.003828439
1960.083333	0.002880951
1960.166667	0.002327901
1960.25	0.002482563
1960.333333	0.002424154
1960.416667	0.00200311
1960.5	0.002055999
1960.583333	0.002252271
1960.666667	0.001949347
1960.75	0.001403949
1960.833333	0.001022994
1960.916667	0.00094147
1961	0.001309654
1961.083333	0.001422006
1961.166667	0.000841309
1961.25	0.000575225
1961.333333	0.000247843
1961.416667	5.004E-05
1961.5	0.000239908
1961.583333	0.000237655
1961.666667	0.000112272
1961.75	0.000624911
1961.833333	0.0012741
1961.916667	0.001507242
1962	0.001041181
1962.083333	0.000292865
1962.166667	0.001260502
1962.25	0.00182251
1962.333333	0.001489134
1962.416667	0.001625864
1962.5	0.00155249
1962.583333	0.001560239
1962.666667	0.001800432
1962.75	0.002195361
1962.833333	0.002773827
1962.916667	0.002644549
1963	0.002458556
1963.083333	0.002224966
1963.166667	0.002211014
1963.25	0.002858946
1963.333333	0.003437206
1963.416667	0.003298828
1963.5	0.003008432
1963.583333	0.002753333
1963.666667	0.003728865
1963.75	0.00376626
1963.833333	0.003850172
1963.916667	0.002972315
1964	0.003135897
1964.083333	0.003820419
1964.166667	0.003656649
1964.25	0.00403738
1964.333333	0.003678029
1964.416667	0.003241178
1964.5	0.003966907
1964.583333	0.003734484
1964.666667	0.003981804
1964.75	0.003906002
1964.833333	0.003437272
1964.916667	0.003447704
1965	0.003130763
1965.083333	0.003411965
1965.166667	0.003253907
1965.25	0.003402989
1965.333333	0.0030642
1965.416667	0.002879631
1965.5	0.004014108
1965.583333	0.003463943
1965.666667	0.00316665
1965.75	0.003536041
1965.833333	0.002812111
1965.916667	0.0030709
1966	0.003175059
1966.083333	0.002371671
1966.166667	0.00255148
1966.25	0.002372136
1966.333333	0.002279218
1966.416667	0.001982839
1966.5	0.002744685
1966.583333	0.002169756
1966.666667	0.001948253
1966.75	0.002126202
1966.833333	0.002194495
1966.916667	0.002038201
1967	0.001465173
1967.083333	0.001497098
1967.166667	0.000965238
1967.25	0.000841544
1967.333333	0.000708932
1967.416667	0.000129692
1967.5	0.000659303
1967.583333	0.000467424
1967.666667	0.000205623
1967.75	0.000450344
1967.833333	0.000604212
1967.916667	0.000673832
1968	0.001070159
1968.083333	0.000590217
1968.166667	0.000630134
1968.25	0.000640177
1968.333333	0.001008767
1968.416667	0.000750201
1968.5	0.000900578
1968.583333	0.001155759
1968.666667	0.001206524
1968.75	0.00142073
1968.833333	0.001992788
1968.916667	0.002390584
1969	0.001795689
1969.083333	0.001704328
1969.166667	0.002162893
1969.25	0.001917783
1969.333333	0.002219606
1969.416667	0.002390771
1969.5	0.001994567
1969.583333	0.00231807
1969.666667	0.00252267
1969.75	0.002403418
1969.833333	0.002038226
1969.916667	0.002583939
1970	0.003444351
1970.083333	0.003147962
1970.166667	0.003364915
1970.25	0.002578279
1970.333333	0.002610851
1970.416667	0.002885984
1970.5	0.003427239
1970.583333	0.003546709
1970.666667	0.002870679
1970.75	0.003740072
1970.833333	0.003809011
1970.916667	0.003237574
1971	0.002958295
1971.083333	0.003747779
1971.166667	0.003455307
1971.25	0.003891244
1971.333333	0.002504662
1971.416667	0.004021943
1971.5	0.004603926
1971.583333	0.004122533
1971.666667	0.003552828
1971.75	0.004484654
1971.833333	0.003510558
1971.916667	0.002889541
1972	0.003035945
1972.083333	0.002717008
1972.166667	0.003344016
1972.25	0.00278908
1972.333333	0.003691223
1972.416667	0.002848698
1972.5	0.003111929
1972.583333	0.00321001
1972.666667	0.002076414
1972.75	0.002128401
1972.833333	0.002556843
1972.916667	0.001843087
1973	0.002015
1973.083333	0.001882618
1973.166667	0.001779621
1973.25	0.002494171
1973.333333	0.002035729
1973.416667	0.001456301
1973.5	0.001616765
1973.583333	0.00163987
1973.666667	0.001646699
1973.75	0.001353392
1973.833333	0.001827235
1973.916667	0.000959817
1974	0.001585848
1974.083333	0.001492917
1974.166667	0.001155984
1974.25	0.000928718
1974.333333	0.0012236
1974.416667	0.000473621
1974.5	0.000195059
1974.583333	0.000253308
1974.666667	0.000461556
1974.75	0.000387218
1974.833333	0.001071941
1974.916667	0.000560803
1975	0.000896119
1975.083333	0.001517638
1975.166667	0.001404266
1975.25	0.00157876
1975.333333	0.001518702
1975.416667	0.001501935
1975.5	0.001660892
1975.583333	0.002378177
1975.666667	0.001475649
1975.75	0.00228076
1975.833333	0.002517154
1975.916667	0.002797162
1976	0.002688131
1976.083333	0.002536634
1976.166667	0.002180393
1976.25	0.002433587
1976.333333	0.002946307
1976.416667	0.003099257
1976.5	0.002988141
1976.583333	0.0029334
1976.666667	0.003204031
1976.75	0.002227431
1976.833333	0.002524192
1976.916667	0.003374617
1977	0.004157207
1977.083333	0.003584343
1977.166667	0.004236317
1977.25	0.003499134
1977.333333	0.004013898
1977.416667	0.00385522
1977.5	0.004120629
1977.583333	0.004106479
1977.666667	0.003808436
1977.75	0.003946419
1977.833333	0.003558863
1977.916667	0.0039799
1978	0.003453824
1978.083333	0.003883475
1978.166667	0.003360074
1978.25	0.003801959
1978.333333	0.00454341
1978.416667	0.003967083
1978.5	0.003487286
1978.583333	0.0038689
1978.666667	0.003114981
1978.75	0.003462708
1978.833333	0.003688555
1978.916667	0.003660898
1979	0.002426407
1979.083333	0.003766281
1979.166667	0.002565331
1979.25	0.003226875
1979.333333	0.002808124
1979.416667	0.002433972
1979.5	0.002845294
1979.583333	0.002891214
1979.666667	0.002314747
1979.75	0.00247671
1979.833333	0.002187869
1979.916667	0.002313778
1980	0.001766548
1980.083333	0.001873565
1980.166667	0.001366584
1980.25	0.001758366
1980.333333	0.002007775
1980.416667	0.001051509
1980.5	0.001250437
1980.583333	0.001144142
1980.666667	0.001201395
1980.75	0.000665956
1980.833333	0.000516759
1980.916667	0.001504467
1981	0.00137252
1981.083333	0.000963436
1981.166667	0.001091788
1981.25	0.00076235
1981.333333	0.000949343
1981.416667	0.001126011
1981.5	0.001177069
1981.583333	0.00091392
1981.666667	0.001585045
1981.75	0.002174356
1981.833333	0.002171858
1981.916667	0.002453006
1982	0.002406984
1982.083333	0.002062139
1982.166667	0.002793594
1982.25	0.002318415
1982.333333	0.002610015
1982.416667	0.002881025
1982.5	0.002967391
1982.583333	0.002947898
1982.666667	0.003118906
1982.75	0.00353934
1982.833333	0.003313218
1982.916667	0.003802821
1983	0.003631443
1983.083333	0.003779845
1983.166667	0.003416872
1983.25	0.004565781
1983.333333	0.00378591
1983.416667	0.004554598
1983.5	0.00407082
1983.583333	0.003940506
1983.666667	0.004586333
1983.75	0.004711109
1983.833333	0.00479296
1983.916667	0.004478611
1984	0.003570657
1984.083333	0.0040166
1984.166667	0.003991489
1984.25	0.0040043
1984.333333	0.003942639
1984.416667	0.004265614
1984.5	0.003929305
1984.583333	0.004824779
1984.666667	0.004145904
1984.75	0.003759235
1984.833333	0.003410366
1984.916667	0.003410599
1985	0.005346724
1985.083333	0.003656125
1985.166667	0.004292144
1985.25	0.003964217
1985.333333	0.003648215
1985.416667	0.004221413
1985.5	0.003070551
1985.583333	0.003219219
1985.666667	0.003170846
1985.75	0.002883612
1985.833333	0.002982377
1985.916667	0.002309081
1986	0.002641167
1986.083333	0.003090872
1986.166667	0.003089225
1986.25	0.002273589
1986.333333	0.002377182
1986.416667	0.002031105
1986.5	0.0025242
1986.583333	0.002500733
1986.666667	0.002095864
1986.75	0.001046496
1986.833333	0.000999968
1986.916667	0.001247079
1987	0.00106317
1987.083333	0.00168139
1987.166667	0.001122729
1987.25	0.002002768
1987.333333	0.000589227
1987.416667	0.001260532
1987.5	0.001183712
1987.583333	0.000974171
1987.666667	0.00163806
1987.75	0.001319279
1987.833333	0.001314562
1987.916667	0.001693005
1988	0.00146442
1988.083333	0.001669755
1988.166667	0.001335121
1988.25	0.002273641
1988.333333	0.001684096
1988.416667	0.001992497
1988.5	0.002435737
1988.583333	0.002389516
1988.666667	0.002492007
1988.75	0.003280305
1988.833333	0.002556076
1988.916667	0.003402077
1989	0.003177303
1989.083333	0.002712401
1989.166667	0.002713374
1989.25	0.003216032
1989.333333	0.002126048
1989.416667	0.002290939
1989.5	0.003353533
1989.583333	0.003014597
1989.666667	0.003466294
1989.75	0.003693644
1989.833333	0.003986967
1989.916667	0.003524574
1990	0.003194649
1990.083333	0.004408553
1990.166667	0.003258781
1990.25	0.004598877
1990.333333	0.003151249
1990.416667	0.003825319
1990.5	0.003825487
1990.583333	0.004173879
1990.666667	0.003752644
1990.75	0.003441946
1990.833333	0.004095744
1990.916667	0.003415851
1991	0.003723925
1991.083333	0.003389112
1991.166667	0.004289847
1991.25	0.004048104
1991.333333	0.003937212
1991.416667	0.003881533
1991.5	0.003053291
1991.583333	0.004610989
1991.666667	0.003273518
1991.75	0.003414083
1991.833333	0.003448414
1991.916667	0.002931554
1992	0.003164652
1992.083333	0.003516539
1992.166667	0.00341057
1992.25	0.003392425
1992.333333	0.002651829
1992.416667	0.002638352
1992.5	0.002372828
1992.583333	0.003074945
1992.666667	0.003242286
1992.75	0.002159648
1992.833333	0.002548469
1992.916667	0.002327811
1993	0.002748844
1993.083333	0.002822426
1993.166667	0.00200321
1993.25	0.002408161
1993.333333	0.002739211
1993.416667	0.002020559
1993.5	0.002031052
1993.583333	0.001805791
1993.666667	0.001781061
1993.75	0.001250332
1993.833333	0.001575405
1993.916667	0.001018361
1994	0.002696194
1994.083333	0.002114936
1994.166667	0.002481564
1994.25	0.001974103
1994.333333	0.001433857
1994.416667	0.001852158
1994.5	0.002742762
1994.583333	0.002341226
1994.666667	0.003220213
1994.75	0.003093164
1994.833333	0.003295285
1994.916667	0.002911269
1995	0.002175329
1995.083333	0.002101341
1995.166667	0.001895252
1995.25	0.002197399
1995.333333	0.00375153
1995.416667	0.003223421
1995.5	0.003737556
1995.583333	0.003989574
1995.666667	0.003490689
1995.75	0.003692177
1995.833333	0.002826358
1995.916667	0.004245625
1996	0.003616762
1996.083333	0.00381993
1996.166667	0.003233883
1996.25	0.003697422
1996.333333	0.003858323
1996.416667	0.0041861
1996.5	0.004153374
1996.583333	0.003175472
1996.666667	0.003743058
1996.75	0.00327783
1996.833333	0.003578303
1996.916667	0.002993446
1997	0.002892531
1997.083333	0.003565687
1997.166667	0.003120552
1997.25	0.003683473
1997.333333	0.003678429
1997.416667	0.003225527
1997.5	0.004158614
1997.583333	0.003764096
1997.666667	0.003441567
1997.75	0.002599511
1997.833333	0.00245094
1997.916667	0.003261065
1998	0.003093694
1998.083333	0.003320256
1998.166667	0.003583591
1998.25	0.002031823
1998.333333	0.002899076
1998.416667	0.002799879
1998.5	0.002142329
1998.583333	0.00235046
1998.666667	0.001965926
1998.75	0.002411079
1998.833333	0.002056524
1998.916667	0.002449013
1999	0.001752542
1999.083333	0.001168247
1999.166667	0.000796571
1999.25	0.00140116
1999.333333	0.001310284
1999.416667	0.000763846
1999.5	0.000840434
1999.583333	0.000716576
1999.666667	0.001098201
1999.75	0.000401618
1999.833333	0.000383719
1999.916667	5.44518E-05
2000	0.000960569
2000.083333	0.000996189
