 1880.0000  -1.26783    
 1880.0834  -1.21263    
 1880.1666  -1.12508    
 1880.2500  -1.12075    
 1880.3334 -0.951874    
 1880.4166 -0.808714    
 1880.5000 -0.459801    
 1880.5834 -0.279808    
 1880.6666 -0.581284E-01
 1880.7500 -0.520191E-01
 1880.8334 -0.202059    
 1880.9166 -0.266560    
 1881.0000 -0.175972E-01
 1881.0834 -0.243034E-01
 1881.1666  0.612621E-01
 1881.2500  0.120325    
 1881.3334  0.111797    
 1881.4166  0.844555E-01
 1881.5000 -0.479107E-01
 1881.5834 -0.147429    
 1881.6666 -0.276148    
 1881.7500 -0.487740    
 1881.8334 -0.692120    
 1881.9166 -0.768000    
 1882.0000 -0.600788    
 1882.0834 -0.820704    
 1882.1666 -0.764578    
 1882.2500 -0.418245    
 1882.3334 -0.325203    
 1882.4166 -0.808535    
 1882.5000 -0.858749    
 1882.5834 -0.791948    
 1882.6666 -0.770399    
 1882.7500 -0.990650    
 1882.8334  -1.06880    
 1882.9166  -1.15314    
 1883.0000 -0.869818    
 1883.0834 -0.387014    
 1883.1666 -0.296518    
 1883.2500  0.471745E-01
 1883.3334 -0.317324    
 1883.4166 -0.371355    
 1883.5000 -0.341600    
 1883.5834 -0.348278    
 1883.6666 -0.554628    
 1883.7500 -0.613291    
 1883.8334 -0.497360    
 1883.9166 -0.358429    
 1884.0000 -0.329618    
 1884.0834 -0.261074    
 1884.1666  0.734425E-01
 1884.2500  0.206604    
 1884.3334 -0.313225E-01
 1884.4166 -0.319923    
 1884.5000 -0.407949    
 1884.5834 -0.133438    
 1884.6666 -0.160789E-02
 1884.7500  0.230921    
 1884.8334  0.318441    
 1884.9166  0.177460    
 1885.0000  0.506210E-02
 1885.0834 -0.993443E-01
 1885.1666 -0.137308    
 1885.2500 -0.124115    
 1885.3334 -0.489235E-01
 1885.4166 -0.428465    
 1885.5000 -0.575480    
 1885.5834 -0.272139    
 1885.6666  0.154232    
 1885.7500  0.558640    
 1885.8334  0.711971    
 1885.9166  0.653770    
 1886.0000 -0.485777    
 1886.0834 -0.724304    
 1886.1666 -0.693787    
 1886.2500 -0.576725    
 1886.3334  -1.27760    
 1886.4166  -1.17437    
 1886.5000  -1.16340    
 1886.5834  -1.20724    
 1886.6666  -1.37142    
 1886.7500  -1.55973    
 1886.8334  -1.69743    
 1886.9166  -1.73638    
 1887.0000  -1.60128    
 1887.0834  -1.35615    
 1887.1666  -1.03439    
 1887.2500  -1.00154    
 1887.3334 -0.963284    
 1887.4166 -0.741894    
 1887.5000 -0.575569    
 1887.5834 -0.497328    
 1887.6666 -0.533358    
 1887.7500 -0.429810    
 1887.8334 -0.192369    
 1887.9166 -0.832100E-01
 1888.0000  0.847321E-01
 1888.0834  0.647005    
 1888.1666  0.581593    
 1888.2500  0.338324    
 1888.3334  0.366488    
 1888.4166  0.515877    
 1888.5000  0.534981    
 1888.5834  0.719633    
 1888.6666   1.20304    
 1888.7500   1.59599    
 1888.8334   1.75474    
 1888.9166   2.08487    
 1889.0000   2.26970    
 1889.0834   1.77550    
 1889.1666   1.09312    
 1889.2500  0.728125    
 1889.3334  0.620806    
 1889.4166 -0.579033E-01
 1889.5000  -1.07883    
 1889.5834  -1.13796    
 1889.6666  -1.26681    
 1889.7500  -1.58567    
 1889.8334  -1.20893    
 1889.9166  -1.20883    
 1890.0000  -1.08518    
 1890.0834  -1.29029    
 1890.1666  -1.04628    
 1890.2500  -1.06787    
 1890.3334 -0.916653    
 1890.4166 -0.856514    
 1890.5000 -0.969629    
 1890.5834 -0.989307    
 1890.6666  -1.11531    
 1890.7500  -1.17092    
 1890.8334  -1.08632    
 1890.9166 -0.419609    
 1891.0000 -0.187227    
 1891.0834 -0.227564    
 1891.1666 -0.354578    
 1891.2500  0.156164    
 1891.3334  0.134916    
 1891.4166  0.122726    
 1891.5000  0.276394E-01
 1891.5834 -0.377977    
 1891.6666 -0.458048    
 1891.7500 -0.384621    
 1891.8334 -0.160299    
 1891.9166 -0.350149    
 1892.0000 -0.458738    
 1892.0834 -0.426245    
 1892.1666 -0.519148    
 1892.2500 -0.424286    
 1892.3334 -0.750574    
 1892.4166 -0.941885    
 1892.5000  -1.15060    
 1892.5834  -1.07285    
 1892.6666  -1.44088    
 1892.7500  -1.74485    
 1892.8334  -1.89705    
 1892.9166  -1.77210    
 1893.0000  -1.53352    
 1893.0834  -1.55348    
 1893.1666  -1.42710    
 1893.2500  -1.26927    
 1893.3334  -1.22357    
 1893.4166  -1.10976    
 1893.5000  -1.12447    
 1893.5834  -1.41652    
 1893.6666  -1.47130    
 1893.7500  -1.71827    
 1893.8334  -1.48850    
 1893.9166  -1.43295    
 1894.0000  -1.28785    
 1894.0834  -1.20739    
 1894.1666  -1.24260    
 1894.2500 -0.988846    
 1894.3334 -0.895063    
 1894.4166 -0.732615    
 1894.5000 -0.871660    
 1894.5834 -0.908447    
 1894.6666  -1.00842    
 1894.7500  -1.03585    
 1894.8334 -0.983860    
 1894.9166 -0.770540    
 1895.0000 -0.726408    
 1895.0834 -0.621494    
 1895.1666 -0.532888    
 1895.2500 -0.520765    
 1895.3334 -0.290033    
 1895.4166 -0.197224    
 1895.5000 -0.145491    
 1895.5834 -0.594578E-01
 1895.6666  0.737190E-02
 1895.7500  0.199369    
 1895.8334  0.209661    
 1895.9166  0.202311    
 1896.0000  0.101280E-02
 1896.0834 -0.144613    
 1896.1666  0.451832E-01
 1896.2500 -0.192051E-01
 1896.3334 -0.908241E-01
 1896.4166  0.158266    
 1896.5000  0.642271    
 1896.5834  0.820162    
 1896.6666  0.822712    
 1896.7500  0.995171    
 1896.8334   1.54869    
 1896.9166   1.61251    
 1897.0000   1.40092    
 1897.0834   1.02379    
 1897.1666  0.662312    
 1897.2500 -0.302563E-01
 1897.3334 -0.150713    
 1897.4166 -0.170145    
 1897.5000 -0.192261    
 1897.5834 -0.317257    
 1897.6666 -0.433319    
 1897.7500 -0.539619    
 1897.8334 -0.816839    
 1897.9166 -0.824770    
 1898.0000 -0.567688    
 1898.0834 -0.785694    
 1898.1666  -1.02655    
 1898.2500 -0.771446    
 1898.3334 -0.581013    
 1898.4166 -0.547945    
 1898.5000 -0.830400    
 1898.5834 -0.963957    
 1898.6666 -0.778498    
 1898.7500 -0.744629    
 1898.8334 -0.922668    
 1898.9166  -1.01611    
 1899.0000 -0.827068    
 1899.0834 -0.851824    
 1899.1666 -0.749008    
 1899.2500 -0.526176    
 1899.3334 -0.780926E-01
 1899.4166 -0.317249E-01
 1899.5000  0.384649    
 1899.5834  0.435001    
 1899.6666  0.581272    
 1899.7500  0.939730    
 1899.8334   1.31278    
 1899.9166   1.38841    
 1900.0000   1.28403    
 1900.0834   1.23666    
 1900.1666  0.945263    
 1900.2500  0.781145    
 1900.3334  0.702236    
 1900.4166  0.486765    
 1900.5000  0.459061    
 1900.5834  0.680027E-01
 1900.6666 -0.158258    
 1900.7500 -0.751400E-01
 1900.8334 -0.113319    
 1900.9166 -0.108110    
 1901.0000 -0.516682E-01
 1901.0834  0.493965E-01
 1901.1666 -0.192858    
 1901.2500 -0.273655    
 1901.3334 -0.404364    
 1901.4166 -0.528725    
 1901.5000 -0.572540    
 1901.5834 -0.572317    
 1901.6666 -0.512999    
 1901.7500 -0.457211    
 1901.8334 -0.210390    
 1901.9166 -0.215960    
 1902.0000 -0.157309    
 1902.0834 -0.217203    
 1902.1666 -0.119167    
 1902.2500  0.376425    
 1902.3334  0.659916    
 1902.4166  0.829016    
 1902.5000   1.22163    
 1902.5834   1.18476    
 1902.6666   1.18027    
 1902.7500   1.28074    
 1902.8334   1.47794    
 1902.9166   1.48119    
 1903.0000   1.46299    
 1903.0834   1.27718    
 1903.1666  0.808092    
 1903.2500  0.263494    
 1903.3334 -0.729733E-01
 1903.4166 -0.242174    
 1903.5000 -0.473370    
 1903.5834 -0.890118    
 1903.6666  -1.05421    
 1903.7500  -1.37814    
 1903.8334  -1.42814    
 1903.9166  -1.40883    
 1904.0000  -1.41957    
 1904.0834  -1.04466    
 1904.1666 -0.648777    
 1904.2500 -0.738945    
 1904.3334 -0.548573    
 1904.4166 -0.244654    
 1904.5000 -0.475807E-01
 1904.5834  0.865231E-01
 1904.6666  0.180552    
 1904.7500  0.295980    
 1904.8334  0.592470    
 1904.9166  0.668520    
 1905.0000  0.966242    
 1905.0834  0.772316    
 1905.1666  0.525103    
 1905.2500  0.689444    
 1905.3334   1.10982    
 1905.4166   1.09137    
 1905.5000   1.35201    
 1905.5834   1.44187    
 1905.6666   1.49824    
 1905.7500   1.06799    
 1905.8334   1.05143    
 1905.9166  0.873600    
 1906.0000  0.529032    
 1906.0834  0.468006    
 1906.1666  0.335133    
 1906.2500 -0.524349E-01
 1906.3334 -0.298033    
 1906.4166 -0.510324    
 1906.5000 -0.664921    
 1906.5834 -0.759098    
 1906.6666 -0.932987    
 1906.7500 -0.915421    
 1906.8334 -0.901939    
 1906.9166 -0.934729    
 1907.0000 -0.726427    
 1907.0834 -0.908033    
 1907.1666 -0.870947    
 1907.2500 -0.724806    
 1907.3334 -0.406652    
 1907.4166 -0.331823    
 1907.5000 -0.108170    
 1907.5834  0.187983    
 1907.6666 -0.183182E-01
 1907.7500 -0.982895E-01
 1907.8334 -0.428049    
 1907.9166 -0.417000    
 1908.0000  0.128893    
 1908.0834 -0.169294    
 1908.1666 -0.579868    
 1908.2500 -0.922606    
 1908.3334  -1.05974    
 1908.4166  -1.17480    
 1908.5000 -0.898350    
 1908.5834  -1.00839    
 1908.6666  -1.01976    
 1908.7500  -1.09843    
 1908.8334  -1.14322    
 1908.9166  -1.59986    
 1909.0000  -1.76975    
 1909.0834  -1.62382    
 1909.1666  -1.23609    
 1909.2500  -1.14572    
 1909.3334 -0.975353    
 1909.4166 -0.954565    
 1909.5000  -1.10785    
 1909.5834  -1.16949    
 1909.6666  -1.76392    
 1909.7500  -1.88663    
 1909.8334  -1.85452    
 1909.9166  -1.86654    
 1910.0000  -1.78543    
 1910.0834  -1.78108    
 1910.1666  -1.89979    
 1910.2500  -1.85957    
 1910.3334  -1.36093    
 1910.4166  -1.18451    
 1910.5000  -1.30775    
 1910.5834  -1.44207    
 1910.6666  -1.50358    
 1910.7500  -1.54194    
 1910.8334  -1.58197    
 1910.9166  -1.38256    
 1911.0000  -1.35034    
 1911.0834  -1.16956    
 1911.1666  -1.11951    
 1911.2500 -0.865887    
 1911.3334 -0.619513    
 1911.4166 -0.138294    
 1911.5000  0.177097E-01
 1911.5834  0.178553    
 1911.6666  0.243732    
 1911.7500  0.860510    
 1911.8334  0.924841    
 1911.9166   1.11569    
 1912.0000   1.21613    
 1912.0834   1.15386    
 1912.1666  0.751762    
 1912.2500  0.344503    
 1912.3334  0.152456    
 1912.4166 -0.245523    
 1912.5000 -0.386570    
 1912.5834 -0.363897    
 1912.6666 -0.782688    
 1912.7500 -0.938709    
 1912.8334 -0.977879    
 1912.9166  -1.02876    
 1913.0000 -0.747137    
 1913.0834 -0.543564    
 1913.1666 -0.420858    
 1913.2500 -0.124947    
 1913.3334 -0.270363    
 1913.4166 -0.217924    
 1913.5000 -0.234539    
 1913.5834 -0.270008    
 1913.6666 -0.404947    
 1913.7500 -0.542561    
 1913.8334 -0.151480    
 1913.9166  0.517441    
 1914.0000  0.926582    
 1914.0834  0.606895    
 1914.1666  0.362522    
 1914.2500 -0.396461E-01
 1914.3334 -0.105783    
 1914.4166 -0.130964    
 1914.5000  0.157419    
 1914.5834  0.331993    
 1914.6666  0.665651    
 1914.7500  0.948620    
 1914.8334   1.01952    
 1914.9166  0.997520    
 1915.0000  0.642632    
 1915.0834  0.697947    
 1915.1666  0.226282    
 1915.2500  0.390055    
 1915.3334  0.426287    
 1915.4166  0.400677    
 1915.5000 -0.748289    
 1915.5834 -0.541948    
 1915.6666 -0.517229    
 1915.7500 -0.782721    
 1915.8334  -1.12460    
 1915.9166  -1.25954    
 1916.0000 -0.695818    
 1916.0834 -0.833235    
 1916.1666 -0.754677    
 1916.2500  -1.06425    
 1916.3334 -0.595543    
 1916.4166  -1.18188    
 1916.5000  -1.09768    
 1916.5834  -1.19084    
 1916.6666  -1.16267    
 1916.7500  -1.62996    
 1916.8334  -2.30415    
 1916.9166  -2.02848    
 1917.0000  -1.92585    
 1917.0834  -1.79290    
 1917.1666  -1.33447    
 1917.2500  -1.45373    
 1917.3334  -1.21667    
 1917.4166  -1.31465    
 1917.5000  -1.30504    
 1917.5834  -1.17197    
 1917.6666  -1.16130    
 1917.7500  -1.78766    
 1917.8334  -1.79182    
 1917.9166  -1.41813    
 1918.0000 -0.809137    
 1918.0834 -0.481825    
 1918.1666  -1.11458    
 1918.2500 -0.918467    
 1918.3334 -0.483854    
 1918.4166 -0.199242E-01
 1918.5000 -0.100403E-01
 1918.5834  0.111382    
 1918.6666  0.214401    
 1918.7500  0.712660    
 1918.8334  0.585220    
 1918.9166  0.636431    
 1919.0000  0.478743    
 1919.0834  0.441067    
 1919.1666  0.129593    
 1919.2500  0.199743    
 1919.3334  0.310268E-01
 1919.4166 -0.478523    
 1919.5000 -0.159889    
 1919.5834 -0.674627    
 1919.6666 -0.358879    
 1919.7500 -0.172489    
 1919.8334  0.362951    
 1919.9166  0.418861    
 1920.0000  0.328617E-01
 1920.0834  0.236847    
 1920.1666 -0.101387    
 1920.2500  0.834942E-01
 1920.3334 -0.285383    
 1920.4166  0.448156    
 1920.5000  0.286503E-01
 1920.5834  0.703430E-01
 1920.6666 -0.538538    
 1920.7500 -0.949060    
 1920.8334  -1.16850    
 1920.9166 -0.943029    
 1921.0000 -0.786007    
 1921.0834  -1.08882    
 1921.1666  -1.66782    
 1921.2500  -1.92027    
 1921.3334  -1.29974    
 1921.4166 -0.943985    
 1921.5000 -0.292271    
 1921.5834  0.226963    
 1921.6666  0.285791    
 1921.7500  0.210520    
 1921.8334 -0.494860    
 1921.9166 -0.757980    
 1922.0000 -0.635838    
 1922.0834 -0.785595    
 1922.1666 -0.500347    
 1922.2500 -0.591316    
 1922.3334 -0.295534    
 1922.4166 -0.777424    
 1922.5000  -1.01089    
 1922.5834  -1.18749    
 1922.6666  -1.28657    
 1922.7500  -1.37557    
 1922.8334  -1.22080    
 1922.9166  -1.41892    
 1923.0000  -1.41964    
 1923.0834  -1.37040    
 1923.1666 -0.567877    
 1923.2500 -0.259815    
 1923.3334 -0.162474    
 1923.4166 -0.781746E-01
 1923.5000 -0.169550    
 1923.5834  0.696526E-01
 1923.6666  0.111271    
 1923.7500  0.302160    
 1923.8334  0.459810    
 1923.9166  0.391500    
 1924.0000  0.592302    
 1924.0834  0.228436    
 1924.1666 -0.762177E-01
 1924.2500 -0.355556    
 1924.3334 -0.458374    
 1924.4166 -0.817385    
 1924.5000  -1.04855    
 1924.5834  -1.14496    
 1924.6666  -1.34926    
 1924.7500  -1.48873    
 1924.8334  -1.55529    
 1924.9166  -1.58034    
 1925.0000  -1.49649    
 1925.0834  -1.38576    
 1925.1666 -0.782898    
 1925.2500 -0.570726    
 1925.3334 -0.562263    
 1925.4166 -0.294353    
 1925.5000  0.113010    
 1925.5834  0.140322    
 1925.6666  0.156813    
 1925.7500  0.645571    
 1925.8334  0.856852    
 1925.9166   1.08050    
 1926.0000   1.09147    
 1926.0834  0.937197    
 1926.1666  0.817362    
 1926.2500  0.738394    
 1926.3334  0.479347    
 1926.4166  0.120176    
 1926.5000  0.704403E-01
 1926.5834 -0.181328    
 1926.6666 -0.517069    
 1926.7500 -0.932011    
 1926.8334  -1.10277    
 1926.9166 -0.795359    
 1927.0000 -0.693228    
 1927.0834 -0.549934    
 1927.1666 -0.748768    
 1927.2500 -0.750816    
 1927.3334 -0.615454    
 1927.4166 -0.397505    
 1927.5000 -0.401211    
 1927.5834 -0.310827    
 1927.6666 -0.106068    
 1927.7500 -0.343895E-02
 1927.8334 -0.128250    
 1927.9166 -0.992393E-01
 1928.0000  0.133232    
 1928.0834  0.244522E-02
 1928.1666 -0.270687    
 1928.2500 -0.308405    
 1928.3334 -0.289352    
 1928.4166 -0.521305    
 1928.5000 -0.283951    
 1928.5834 -0.225208    
 1928.6666 -0.421158    
 1928.7500 -0.532999    
 1928.8334 -0.422119    
 1928.9166 -0.427660    
 1929.0000 -0.721699    
 1929.0834 -0.810333    
 1929.1666 -0.643688    
 1929.2500 -0.603346    
 1929.3334 -0.499493    
 1929.4166 -0.399895    
 1929.5000 -0.247169    
 1929.5834 -0.203478    
 1929.6666 -0.877991E-01
 1929.7500 -0.926590E-01
 1929.8334 -0.220184E-01
 1929.9166  0.111240    
 1930.0000  0.192183    
 1930.0834  0.153027    
 1930.1666  0.895023E-01
 1930.2500  0.103384    
 1930.3334  0.906868E-01
 1930.4166  0.364935    
 1930.5000  0.430920    
 1930.5834  0.589012    
 1930.6666  0.747812    
 1930.7500  0.988750    
 1930.8334   1.12532    
 1930.9166   1.08365    
 1931.0000  0.971592    
 1931.0834  0.822966    
 1931.1666  0.488811    
 1931.2500  0.454063    
 1931.3334  0.349407    
 1931.4166  0.174286    
 1931.5000  0.730305E-01
 1931.5834 -0.173298    
 1931.6666 -0.731379    
 1931.7500  -1.05967    
 1931.8334 -0.900478    
 1931.9166 -0.898720    
 1932.0000 -0.898949    
 1932.0834 -0.581533    
 1932.1666 -0.205368    
 1932.2500  0.235634E-01
 1932.3334  0.246372E-01
 1932.4166 -0.804138E-01
 1932.5000 -0.876904E-01
 1932.5834 -0.217089    
 1932.6666 -0.484407    
 1932.7500 -0.310400    
 1932.8334 -0.476379    
 1932.9166 -0.636070    
 1933.0000 -0.706728    
 1933.0834 -0.668875    
 1933.1666 -0.822357    
 1933.2500 -0.820436    
 1933.3334 -0.882343    
 1933.4166  -1.25200    
 1933.5000  -1.33291    
 1933.5834  -1.48134    
 1933.6666  -1.55179    
 1933.7500  -1.67165    
 1933.8334  -1.71988    
 1933.9166  -1.75329    
 1934.0000  -1.56935    
 1934.0834  -1.32756    
 1934.1666  -1.08022    
 1934.2500 -0.857515    
 1934.3334 -0.450264    
 1934.4166 -0.105425    
 1934.5000 -0.160231    
 1934.5834 -0.312767    
 1934.6666 -0.735289    
 1934.7500 -0.499510    
 1934.8334 -0.464128    
 1934.9166 -0.564220    
 1935.0000 -0.549528    
 1935.0834 -0.616844    
 1935.1666 -0.456667    
 1935.2500 -0.575726    
 1935.3334 -0.628914    
 1935.4166 -0.546413    
 1935.5000 -0.362089    
 1935.5834 -0.182117    
 1935.6666  0.197620E-01
 1935.7500 -0.658035E-02
 1935.8334 -0.426899    
 1935.9166 -0.543730    
 1936.0000 -0.341627    
 1936.0834 -0.162205    
 1936.1666 -0.316568    
 1936.2500 -0.240755    
 1936.3334 -0.244383    
 1936.4166 -0.304113    
 1936.5000 -0.423590    
 1936.5834 -0.444057    
 1936.6666 -0.456938    
 1936.7500 -0.595011    
 1936.8334 -0.756908    
 1936.9166 -0.891830    
 1937.0000 -0.898968    
 1937.0834 -0.346443    
 1937.1666 -0.260878    
 1937.2500 -0.348375    
 1937.3334 -0.353594    
 1937.4166 -0.217255    
 1937.5000 -0.311060    
 1937.5834 -0.202679    
 1937.6666 -0.233398    
 1937.7500 -0.777092E-01
 1937.8334 -0.222910    
 1937.9166 -0.303320    
 1938.0000 -0.669268    
 1938.0834 -0.932964    
 1938.1666 -0.976608    
 1938.2500  -1.13477    
 1938.3334 -0.904984    
 1938.4166  -1.18951    
 1938.5000  -1.18449    
 1938.5834  -1.28386    
 1938.6666  -1.04992    
 1938.7500 -0.987190    
 1938.8334  -1.13622    
 1938.9166  -1.38018    
 1939.0000  -1.74018    
 1939.0834  -1.46653    
 1939.1666 -0.718447    
 1939.2500 -0.312616    
 1939.3334 -0.161343E-01
 1939.4166  0.866756E-01
 1939.5000  0.166300    
 1939.5834  0.462017E-01
 1939.6666 -0.354698    
 1939.7500 -0.223860    
 1939.8334  0.168711    
 1939.9166  0.276491    
 1940.0000  0.896421    
 1940.0834  0.735935    
 1940.1666  0.780352    
 1940.2500  0.293015    
 1940.3334  0.335426    
 1940.4166  0.258926    
 1940.5000  0.263950    
 1940.5834  0.322083    
 1940.6666  0.404963    
 1940.7500  0.304569    
 1940.8334   1.04715    
 1940.9166   1.49101    
 1941.0000   1.46017    
 1941.0834   1.53232    
 1941.1666   1.16561    
 1941.2500  0.920013    
 1941.3334  0.647127    
 1941.4166  0.425476    
 1941.5000  0.350559    
 1941.5834  0.328402    
 1941.6666  0.255522    
 1941.7500  0.454140    
 1941.8334  0.813581    
 1941.9166  0.893080    
 1942.0000  0.599592    
 1942.0834  0.432606    
 1942.1666  0.284462    
 1942.2500  0.331734    
 1942.3334  0.249558E-01
 1942.4166 -0.390295    
 1942.5000 -0.981319    
 1942.5834  -1.37910    
 1942.6666  -1.76206    
 1942.7500  -1.65549    
 1942.8334  -1.77183    
 1942.9166  -1.76086    
 1943.0000  -1.94084    
 1943.0834  -1.84425    
 1943.1666  -1.36417    
 1943.2500 -0.856806    
 1943.3334 -0.438343    
 1943.4166 -0.539436E-01
 1943.5000 -0.365391E-01
 1943.5834 -0.172987    
 1943.6666 -0.645428    
 1943.7500 -0.846970    
 1943.8334 -0.658110    
 1943.9166 -0.696159    
 1944.0000 -0.768608    
 1944.0834 -0.466413    
 1944.1666  0.106762    
 1944.2500  0.272354    
 1944.3334 -0.127203    
 1944.4166  0.117950E-01
 1944.5000  0.232880    
 1944.5834  0.274715E-01
 1944.6666 -0.421879    
 1944.7500  -1.03252    
 1944.8334  -1.13574    
 1944.9166  -1.01398    
 1945.0000  -1.01302    
 1945.0834  -1.05287    
 1945.1666  -1.28811    
 1945.2500  -1.10816    
 1945.3334 -0.638042    
 1945.4166 -0.603285    
 1945.5000 -0.589701    
 1945.5834 -0.341248    
 1945.6666 -0.520899    
 1945.7500 -0.466650    
 1945.8334 -0.315790    
 1945.9166 -0.260950    
 1946.0000 -0.913582E-01
 1946.0834  0.453167E-01
 1946.1666  0.560417E-01
 1946.2500  0.183704    
 1946.3334 -0.251423    
 1946.4166 -0.877884    
 1946.5000 -0.969219    
 1946.5834  -1.23967    
 1946.6666  -1.10261    
 1946.7500 -0.629940    
 1946.8334 -0.691700    
 1946.9166 -0.172110    
 1947.0000 -0.123308    
 1947.0834 -0.404549E-01
 1947.1666  0.929260E-02
 1947.2500 -0.650349E-01
 1947.3334 -0.207794    
 1947.4166 -0.476151E-01
 1947.5000 -0.185390    
 1947.5834 -0.587128    
 1947.6666 -0.530027    
 1947.7500 -0.908449    
 1947.8334  -1.31113    
 1947.9166 -0.318720    
 1948.0000 -0.406328    
 1948.0834 -0.109524    
 1948.1666  0.156723    
 1948.2500  0.255573    
 1948.3334  0.142807    
 1948.4166 -0.742785    
 1948.5000 -0.689240    
 1948.5834 -0.868008    
 1948.6666  -1.23526    
 1948.7500  -1.82389    
 1948.8334  -1.42092    
 1948.9166 -0.395920    
 1949.0000 -0.292448    
 1949.0834 -0.468893    
 1949.1666 -0.254778    
 1949.2500 -0.990562E-01
 1949.3334 -0.503464    
 1949.4166 -0.665995    
 1949.5000 -0.730160    
 1949.5834 -0.520699    
 1949.6666 -0.727999    
 1949.7500 -0.973600    
 1949.8334  -1.30839    
 1949.9166  -1.72220    
 1950.0000  -1.72415    
 1950.0834  -1.52460    
 1950.1666  -1.19654    
 1950.2500  -1.29119    
 1950.3334  -1.57309    
 1950.4166  -1.00412    
 1950.5000 -0.691771    
 1950.5834 -0.763958    
 1950.6666 -0.918428    
 1950.7500 -0.692089    
 1950.8334 -0.976629    
 1950.9166  -1.07307    
 1951.0000  -1.08542    
 1951.0834 -0.948534    
 1951.1666 -0.495808    
 1951.2500 -0.406906    
 1951.3334 -0.776825E-01
 1951.4166 -0.672340E-01
 1951.5000  0.612619    
 1951.5834  0.594723    
 1951.6666  0.789442    
 1951.7500  0.779051    
 1951.8334  0.877272    
 1951.9166  0.557350    
 1952.0000  0.292633    
 1952.0834  0.551853E-01
 1952.1666  0.842133E-01
 1952.2500  0.207523    
 1952.3334  0.202887    
 1952.4166 -0.213554    
 1952.5000 -0.389891    
 1952.5834 -0.290058    
 1952.6666 -0.165817    
 1952.7500 -0.113640    
 1952.8334 -0.250120    
 1952.9166 -0.418396E-01
 1953.0000  0.289652    
 1953.0834  0.445356    
 1953.1666  0.433563    
 1953.2500  0.515284    
 1953.3334  0.505966    
 1953.4166  0.488565    
 1953.5000  0.408819    
 1953.5834  0.397432    
 1953.6666  0.419651    
 1953.7500  0.374840    
 1953.8334  0.363771    
 1953.9166  0.427210    
 1954.0000  0.467342    
 1954.0834  0.469486    
 1954.1666 -0.324669E-01
 1954.2500 -0.808195    
 1954.3334 -0.719013    
 1954.4166 -0.613604    
 1954.5000 -0.748011    
 1954.5834  -1.02229    
 1954.6666  -1.32846    
 1954.7500  -1.14003    
 1954.8334 -0.939350    
 1954.9166  -1.19869    
 1955.0000  -1.00917    
 1955.0834 -0.832664    
 1955.1666 -0.856287    
 1955.2500  -1.00500    
 1955.3334  -1.11415    
 1955.4166 -0.978624    
 1955.5000 -0.808880    
 1955.5834  -1.15236    
 1955.6666  -1.09173    
 1955.7500  -1.98674    
 1955.8334  -2.31615    
 1955.9166  -1.98506    
 1956.0000  -1.26974    
 1956.0834 -0.732855    
 1956.1666 -0.602837    
 1956.2500 -0.695375    
 1956.3334 -0.544243    
 1956.4166 -0.550255    
 1956.5000 -0.739519    
 1956.5834 -0.846088    
 1956.6666 -0.807518    
 1956.7500 -0.813959    
 1956.8334 -0.966490    
 1956.9166 -0.856569    
 1957.0000 -0.459038    
 1957.0834 -0.160303    
 1957.1666  0.403343    
 1957.2500  0.664974    
 1957.3334  0.799107    
 1957.4166  0.735296    
 1957.5000  0.994209    
 1957.5834  0.991083    
 1957.6666  0.823603    
 1957.7500  0.842251    
 1957.8334   1.18498    
 1957.9166   1.50381    
 1958.0000   1.79819    
 1958.0834   1.66137    
 1958.1666   1.09104    
 1958.2500  0.676464    
 1958.3334  0.564026    
 1958.4166  0.512276    
 1958.5000  0.359800    
 1958.5834  0.141983    
 1958.6666 -0.209879    
 1958.7500 -0.370407E-01
 1958.8334  0.286360    
 1958.9166  0.203730    
 1959.0000  0.574331    
 1959.0834  0.498066    
 1959.1666  0.312733    
 1959.2500  0.262283    
 1959.3334  0.241165E-01
 1959.4166 -0.193945    
 1959.5000 -0.546921    
 1959.5834 -0.431938    
 1959.6666 -0.530067    
 1959.7500 -0.226660    
 1959.8334 -0.285318    
 1959.9166 -0.138330    
 1960.0000 -0.311138    
 1960.0834 -0.470373    
 1960.1666 -0.269527    
 1960.2500 -0.165966    
 1960.3334 -0.162033    
 1960.4166 -0.294245    
 1960.5000 -0.490894E-01
 1960.5834  0.906124E-01
 1960.6666 -0.114967    
 1960.7500 -0.303551    
 1960.8334 -0.271429    
 1960.9166 -0.165829    
 1961.0000 -0.185278    
 1961.0834 -0.138523    
 1961.1666 -0.240477    
 1961.2500 -0.162695    
 1961.3334  0.713768E-01
 1961.4166  0.307137    
 1961.5000  0.230198E-01
 1961.5834 -0.343288    
 1961.6666 -0.742008    
 1961.7500 -0.716290    
 1961.8334 -0.406219    
 1961.9166 -0.373680    
 1962.0000 -0.436098    
 1962.0834 -0.459965    
 1962.1666 -0.437607    
 1962.2500 -0.445745    
 1962.3334 -0.545073    
 1962.4166 -0.359684    
 1962.5000 -0.183290    
 1962.5834 -0.241549    
 1962.6666 -0.636259    
 1962.7500 -0.590651    
 1962.8334 -0.727419    
 1962.9166 -0.823839    
 1963.0000 -0.693077    
 1963.0834 -0.360004    
 1963.1666  0.689831E-01
 1963.2500  0.194513    
 1963.3334 -0.711327E-01
 1963.4166  0.144945    
 1963.5000  0.781561    
 1963.5834  0.870882    
 1963.6666  0.749243    
 1963.7500  0.909599    
 1963.8334  0.999321    
 1963.9166   1.12943    
 1964.0000  0.859982    
 1964.0834  0.520826    
 1964.1666 -0.131788    
 1964.2500 -0.612307    
 1964.3334 -0.842323    
 1964.4166 -0.878235    
 1964.5000 -0.690790    
 1964.5834  -1.01921    
 1964.6666  -1.21888    
 1964.7500  -1.11384    
 1964.8334  -1.20499    
 1964.9166  -1.16285    
 1965.0000 -0.775248    
 1965.0834 -0.373283    
 1965.1666 -0.113548    
 1965.2500 -0.549660E-01
 1965.3334  0.289537    
 1965.4166  0.657955    
 1965.5000  0.907000    
 1965.5834   1.31405    
 1965.6666   1.31354    
 1965.7500   1.60040    
 1965.8334   1.67368    
 1965.9166   1.48450    
 1966.0000   1.18473    
 1966.0834  0.908787    
 1966.1666  0.972193    
 1966.2500  0.570044    
 1966.3334 -0.106422    
 1966.4166  0.236357    
 1966.5000  0.302860    
 1966.5834 -0.984974E-01
 1966.6666 -0.223358    
 1966.7500 -0.245501    
 1966.8334 -0.191750    
 1966.9166 -0.371510    
 1967.0000 -0.386719    
 1967.0834 -0.391024    
 1967.1666 -0.567627    
 1967.2500 -0.752096    
 1967.3334 -0.274544    
 1967.4166  0.843849E-01
 1967.5000  0.515003E-01
 1967.5834 -0.143808    
 1967.6666 -0.614887    
 1967.7500 -0.465870    
 1967.8334 -0.349840    
 1967.9166 -0.476500    
 1968.0000 -0.784088    
 1968.0834 -0.952515    
 1968.1666 -0.856798    
 1968.2500 -0.577505    
 1968.3334 -0.618414    
 1968.4166  0.157625    
 1968.5000  0.498280    
 1968.5834  0.360792    
 1968.6666  0.183722    
 1968.7500  0.338581    
 1968.8334  0.769840    
 1968.9166  0.846680    
 1969.0000  0.990011    
 1969.0834   1.20696    
 1969.1666  0.783062    
 1969.2500  0.719494    
 1969.3334  0.725426    
 1969.4166  0.465185    
 1969.5000  0.196770    
 1969.5834  0.411102    
 1969.6666  0.631981    
 1969.7500  0.858459    
 1969.8334  0.747911    
 1969.9166  0.737740    
 1970.0000  0.510653    
 1970.0834  0.294056    
 1970.1666  0.127882    
 1970.2500  0.285345    
 1970.3334 -0.760269E-02
 1970.4166 -0.398165    
 1970.5000 -0.632830    
 1970.5834 -0.888418    
 1970.6666 -0.845629    
 1970.7500 -0.862400    
 1970.8334 -0.781139    
 1970.9166  -1.10148    
 1971.0000  -1.46396    
 1971.0834  -1.33948    
 1971.1666  -1.13030    
 1971.2500 -0.884417    
 1971.3334 -0.712812    
 1971.4166 -0.830704    
 1971.5000 -0.819410    
 1971.5834 -0.776918    
 1971.6666 -0.771198    
 1971.7500 -0.996889    
 1971.8334 -0.914669    
 1971.9166  -1.02058    
 1972.0000 -0.709507    
 1972.0834 -0.313423    
 1972.1666 -0.200367E-01
 1972.2500  0.266285    
 1972.3334  0.495386    
 1972.4166  0.704247    
 1972.5000   1.07508    
 1972.5834   1.34923    
 1972.6666   1.39099    
 1972.7500   1.81288    
 1972.8334   2.07695    
 1972.9166   2.22601    
 1973.0000   1.87120    
 1973.0834   1.24807    
 1973.1666  0.476112    
 1973.2500 -0.280115    
 1973.3334 -0.649874    
 1973.4166 -0.789215    
 1973.5000  -1.15702    
 1973.5834  -1.28681    
 1973.6666  -1.38733    
 1973.7500  -1.60652    
 1973.8334  -2.09535    
 1973.9166  -2.12932    
 1974.0000  -2.03326    
 1974.0834  -1.60382    
 1974.1666  -1.30648    
 1974.2500  -1.02657    
 1974.3334 -0.919964    
 1974.4166 -0.806734    
 1974.5000 -0.626120    
 1974.5834 -0.387749    
 1974.6666 -0.479929    
 1974.7500 -0.732920    
 1974.8334 -0.973829    
 1974.9166 -0.865650    
 1975.0000 -0.367369    
 1975.0834 -0.507593    
 1975.1666 -0.782738    
 1975.2500 -0.666296    
 1975.3334 -0.805983    
 1975.4166  -1.23215    
 1975.5000  -1.12128    
 1975.5834  -1.27667    
 1975.6666  -1.50251    
 1975.7500  -1.76901    
 1975.8334  -1.50260    
 1975.9166  -1.80944    
 1976.0000  -1.83448    
 1976.0834  -1.16136    
 1976.1666 -0.629787    
 1976.2500 -0.669256    
 1976.3334 -0.491833    
 1976.4166 -0.182714    
 1976.5000  0.158030    
 1976.5834  0.338602    
 1976.6666  0.419542    
 1976.7500  0.839069    
 1976.8334  0.814901    
 1976.9166  0.591391    
 1977.0000  0.756952    
 1977.0834  0.414856    
 1977.1666  0.342373    
 1977.2500 -0.582752E-01
 1977.3334  0.185526    
 1977.4166  0.418236    
 1977.5000  0.447010    
 1977.5834  0.175362    
 1977.6666  0.497313    
 1977.7500  0.721310    
 1977.8334  0.672621    
 1977.9166  0.791170    
 1978.0000  0.756021    
 1978.0834  0.427277    
 1978.1666  0.302315E-02
 1978.2500 -0.415245    
 1978.3334 -0.421654    
 1978.4166 -0.374535    
 1978.5000 -0.305651    
 1978.5834 -0.522858    
 1978.6666 -0.497908    
 1978.7500 -0.237120    
 1978.8334 -0.168388    
 1978.9166 -0.797596E-01
 1979.0000 -0.106428    
 1979.0834 -0.130533    
 1979.1666  0.242632    
 1979.2500  0.197245    
 1979.3334 -0.253639E-01
 1979.4166  0.160656E-01
 1979.5000 -0.149090    
 1979.5834  0.202923E-01
 1979.6666  0.451902    
 1979.7500  0.368509    
 1979.8334  0.477961    
 1979.9166  0.518980    
 1980.0000  0.536552    
 1980.0834  0.287235    
 1980.1666  0.143553    
 1980.2500  0.110624    
 1980.3334  0.209257    
 1980.4166  0.459465    
 1980.5000  0.241039    
 1980.5834 -0.124557    
 1980.6666 -0.131868    
 1980.7500 -0.130610    
 1980.8334  0.296211E-01
 1980.9166  0.207996E-01
 1981.0000 -0.382858    
 1981.0834 -0.599813    
 1981.1666 -0.475458    
 1981.2500 -0.342636    
 1981.3334 -0.362234    
 1981.4166 -0.184164    
 1981.5000 -0.439430    
 1981.5834 -0.499077    
 1981.6666 -0.173798    
 1981.7500 -0.118071    
 1981.8334 -0.193039    
 1981.9166 -0.940304E-01
 1982.0000  0.140162    
 1982.0834 -0.205040E-01
 1982.1666  0.123873    
 1982.2500  0.239424    
 1982.3334  0.645506    
 1982.4166  0.786686    
 1982.5000  0.541201    
 1982.5834  0.891022    
 1982.6666   1.49966    
 1982.7500   2.02725    
 1982.8334   2.10383    
 1982.9166   2.36070    
 1983.0000   2.36542    
 1983.0834   1.99739    
 1983.1666   1.51738    
 1983.2500   1.07184    
 1983.3334   1.05019    
 1983.4166  0.743996    
 1983.5000  0.859203E-01
 1983.5834 -0.221619    
 1983.6666 -0.513948    
 1983.7500 -0.884670    
 1983.8334  -1.05807    
 1983.9166 -0.753660    
 1984.0000 -0.423819    
 1984.0834 -0.278149E-01
 1984.1666 -0.187778    
 1984.2500 -0.370087    
 1984.3334 -0.470943    
 1984.4166 -0.584425    
 1984.5000 -0.270109    
 1984.5834 -0.840473E-01
 1984.6666 -0.273628    
 1984.7500 -0.495150    
 1984.8334 -0.990690    
 1984.9166  -1.18574    
 1985.0000 -0.975718    
 1985.0834 -0.628063    
 1985.1666 -0.702627    
 1985.2500 -0.739956    
 1985.3334 -0.688423    
 1985.4166 -0.614344    
 1985.5000 -0.475510    
 1985.5834 -0.479187    
 1985.6666 -0.621939    
 1985.7500 -0.426010    
 1985.8334 -0.224600    
 1985.9166 -0.381750    
 1986.0000 -0.517387    
 1986.0834 -0.466845    
 1986.1666 -0.234398    
 1986.2500 -0.196056E-01
 1986.3334 -0.197723    
 1986.4166  0.257549E-01
 1986.5000  0.276720    
 1986.5834  0.462923    
 1986.6666  0.649813    
 1986.7500  0.950790    
 1986.8334   1.07200    
 1986.9166   1.17302    
 1987.0000   1.25420    
 1987.0834   1.27986    
 1987.1666   1.25583    
 1987.2500   1.01880    
 1987.3334  0.926777    
 1987.4166   1.13334    
 1987.5000   1.40699    
 1987.5834   1.71760    
 1987.6666   1.70530    
 1987.7500   1.42837    
 1987.8334   1.33125    
 1987.9166   1.03291    
 1988.0000  0.936852    
 1988.0834  0.276276    
 1988.1666  0.221172    
 1988.2500 -0.104786    
 1988.3334 -0.808193    
 1988.4166  -1.33093    
 1988.5000  -1.44972    
 1988.5834  -1.04358    
 1988.6666 -0.982159    
 1988.7500  -1.81092    
 1988.8334  -1.86668    
 1988.9166  -1.88996    
 1989.0000  -1.85261    
 1989.0834  -1.39403    
 1989.1666  -1.11333    
 1989.2500 -0.826756    
 1989.3334 -0.589424    
 1989.4166 -0.294554    
 1989.5000 -0.311729    
 1989.5834 -0.326397    
 1989.6666 -0.242147    
 1989.7500 -0.333490    
 1989.8334 -0.319599    
 1989.9166  0.749969E-02
 1990.0000  0.721321E-01
 1990.0834  0.295736    
 1990.1666  0.164852    
 1990.2500  0.275644    
 1990.3334  0.304077    
 1990.4166  0.100157    
 1990.5000  0.315880    
 1990.5834  0.409233    
 1990.6666  0.259571    
 1990.7500  0.367050    
 1990.8334  0.281210    
 1990.9166  0.396721    
 1991.0000  0.515532    
 1991.0834  0.384716    
 1991.1666  0.152773    
 1991.2500  0.436314    
 1991.3334  0.587107    
 1991.4166  0.876837    
 1991.5000   1.06579    
 1991.5834  0.967852    
 1991.6666  0.704203    
 1991.7500  0.972111    
 1991.8334   1.32013    
 1991.9166   1.73247    
 1992.0000   1.78849    
 1992.0834   1.67332    
 1992.1666   1.40895    
 1992.2500   1.37911    
 1992.3334   1.23595    
 1992.4166  0.823166    
 1992.5000  0.454050    
 1992.5834  0.217442    
 1992.6666 -0.357380E-01
 1992.7500 -0.243389    
 1992.8334 -0.904846E-02
 1992.9166  0.139410    
 1993.0000  0.316843    
 1993.0834  0.460226    
 1993.1666  0.478582    
 1993.2500  0.831015    
 1993.3334  0.929476    
 1993.4166  0.545406    
 1993.5000  0.491461    
 1993.5834  0.270502    
 1993.6666  0.439312    
 1993.7500  0.366011    
 1993.8334  0.317202    
 1993.9166  0.223289    
 1994.0000  0.194202    
 1994.0834  0.227406    
 1994.1666  0.281502    
 1994.2500  0.443514    
 1994.3334  0.493917    
 1994.4166  0.559526    
 1994.5000  0.566200    
 1994.5834  0.642841    
 1994.6666  0.543432    
 1994.7500  0.896660    
 1994.8334   1.34796    
 1994.9166   1.44281    
 1995.0000   1.17778    
 1995.0834  0.933975    
 1995.1666  0.675873    
 1995.2500  0.495415    
 1995.3334  0.966167E-01
 1995.4166  0.269176    
 1995.5000  0.145809    
 1995.5834 -0.332197    
 1995.6666 -0.506067    
 1995.7500 -0.565100    
 1995.8334 -0.773649    
 1995.9166 -0.696829    
 1996.0000 -0.713617    
 1996.0834 -0.752234    
 1996.1666 -0.494268    
 1996.2500 -0.249426    
 1996.3334 -0.126593    
 1996.4166 -0.381832E-01
 1996.5000 -0.911903E-01
 1996.5834 -0.161743E-02
 1996.6666 -0.265589    
 1996.7500 -0.153299    
 1996.8334 -0.169010    
 1996.9166 -0.445040    
 1997.0000 -0.467367    
 1997.0834 -0.280844    
 1997.1666 -0.931168E-01
 1997.2500  0.310604    
 1997.3334  0.851057    
 1997.4166   1.33335    
 1997.5000   1.75402    
 1997.5834   1.93948    
 1997.6666   2.18615    
 1997.7500   2.49290    
 1997.8334   2.51907    
 1997.9166   2.46805    
 1998.0000   2.42152    
 1998.0834   1.96988    
 1998.1666   1.42757    
 1998.2500  0.986004    
 1998.3334  0.702946    
 1998.4166 -0.111624    
 1998.5000 -0.575520    
 1998.5834 -0.822687    
 1998.6666  -1.04390    
 1998.7500  -1.18667    
 1998.8334  -1.11456    
 1998.9166  -1.44481    
 1999.0000  -1.58699    
 1999.0834  -1.15679    
 1999.1666 -0.793627    
 1999.2500 -0.740965    
 1999.3334 -0.773394    
 1999.4166 -0.860153    
 1999.5000 -0.823030    
 1999.5834 -0.930088    
 1999.6666 -0.938839    
 1999.7500  -1.02972    
 1999.8334  -1.39756    
 1999.9166  -1.59716    
 2000.0000  -1.66853    
 2000.0834  -1.49307    
 2000.1666 -0.952198    
 2000.2500 -0.667486    
 2000.3334 -0.669273    
 2000.4166 -0.560884    
 2000.5000 -0.410429    
 2000.5834 -0.286337    
 2000.6666 -0.378658    
 2000.7500 -0.523371    
 2000.8334 -0.593479    
 2000.9166 -0.731649    
 2001.0000 -0.621208    
 2001.0834 -0.484034    
 2001.1666 -0.332788    
 2001.2500 -0.270536    
 2001.3334 -0.682335E-01
 2001.4166  0.786266E-01
 2001.5000  0.269770    
 2001.5834  0.210333    
 2001.6666  0.437717E-01
 2001.7500  0.257301E-01
 2001.8334 -0.125830    
 2001.9166 -0.236509    
 2002.0000 -0.604477E-01
 2002.0834  0.918751E-01
 2002.1666  0.255302    
 2002.2500  0.332884    
 2002.3334  0.658766    
 2002.4166  0.947975    
 2002.5000  0.920280    
 2002.5834  0.903673    
 2002.6666   1.03090    
 2002.7500   1.29035    
 2002.8334   1.52578    
 2002.9166   1.51665    
 2003.0000   1.12477    
 2003.0834  0.891346    
 2003.1666  0.610722    
 2003.2500  0.825748E-01
 2003.3334 -0.348524    
 2003.4166  0.409660E-01
 2003.5000  0.563610    
 2003.5834  0.582823    
 2003.6666  0.403893    
 2003.7500  0.688761    
 2003.8334  0.538860    
 2003.9166  0.500450    
 2004.0000  0.367891    
 2004.0834  0.326885    
 2004.1666  0.176823    
 2004.2500  0.253685    
 2004.3334  0.255407    
 2004.4166  0.411325    
 2004.5000  0.758631    
 2004.5834  0.914322    
 2004.6666  0.882721    
 2004.7500  0.906321    
 2004.8334  0.788342    
 2004.9166  0.831240    
 2005.0000  0.759222    
 2005.0834  0.437906    
 2005.1666  0.403732    
 2005.2500  0.359064    
 2005.3334  0.524727    
 2005.4166  0.460165    
 2005.5000  0.347990    
 2005.5834  0.367033    
 2005.6666  0.994720E-01
 2005.7500  0.751495E-01
 2005.8334 -0.473070    
 2005.9166 -0.762289    
 2006.0000 -0.892998    
 2006.0834 -0.589813    
 2006.1666 -0.425558    
 2006.2500 -0.123365    
 2006.3334  0.142838    
 2006.4166  0.299295    
 2006.5000  0.267941    
 2006.5834  0.515982    
 2006.6666  0.625973    
 2006.7500  0.842581    
 2006.8334   1.22072    
 2006.9166   1.30201    
 2007.0000  0.832872    
 2007.0834  0.255676    
 2007.1666  0.285931E-01
 2007.2500 -0.115686    
 2007.3334 -0.225073    
 2007.4166  0.941658E-02
 2007.5000 -0.169371    
 2007.5834 -0.460278    
 2007.6666 -0.735939    
 2007.7500 -0.887739    
 2007.8334  -1.12032    
 2007.9166  -1.18081    
 2008.0000  -1.46513    
 2008.0834  -1.54173    
 2008.1666  -1.06349    
 2008.2500 -0.688456    
 2008.3334 -0.573112    
 2008.4166 -0.382225    
 2008.5000 -0.102169    
 2008.5834  0.613518E-01
 2008.6666 -0.478745E-03
 2008.7500  0.261593E-01
 2008.8334 -0.278210    
 2008.9166 -0.684950    
 2009.0000 -0.825857    
 2009.0834 -0.642195    
 2009.1666 -0.444128    
 2009.2500 -0.253963E-01
 2009.3334  0.379128    
 2009.4166  0.587646    
 2009.5000  0.700750    
 2009.5834  0.783993    
 2009.6666  0.831553    
 2009.7500   1.13614    
 2009.8334   1.66271    
 2009.9166   1.90289    
 2010.0000   1.68465    
 2010.0834   1.40409    
 2010.1666   1.08607    
 2010.2500  0.768145    
 2010.3334  0.245897    
 2010.4166 -0.302704    
 2010.5000 -0.719770    
 2010.5834  -1.11448    
 2010.6666  -1.38963    
 2010.7500  -1.37557    
 2010.8334  -1.28568    
 2010.9166  -1.29134    
 2011.0000  -1.46854    
 2011.0834  -1.06366    
 2011.1666 -0.853657    
 2011.2500 -0.455027    
 2011.3334 -0.114504    
 2011.4166  0.116676    
 2011.5000 -0.122604E-01
 2011.5834 -0.219168    
 2011.6666 -0.536657    
 2011.7500 -0.659660    
 2011.8334 -0.899870    
 2011.9166 -0.970881    
 2012.0000 -0.681877    
 2012.0834 -0.559093    
 2012.1666 -0.302217    
 2012.2500 -0.124266    
 2012.3334 -0.515938E-01
 2012.4166  0.157915    
 2012.5000  0.283051    
 2012.5834  0.472443    
 2012.6666  0.893702    
 2012.7500  0.721500    
 2012.8334  0.600130    
 2012.9166 -0.326120    
 2013.0000 -0.657778    
 2013.0834 -0.520325    
 2013.1666 -0.339977    
 2013.2500  0.151495    
 2013.3334  0.125160E-01
 2013.4166 -0.131014    
 2013.5000 -0.132179    
 2013.5834 -0.172848    
 2013.6666 -0.133617    
