1950	-1.42
1950.083333	-1.31
1950.166667	-1.04
1950.25	-1.12
1950.333333	-1.38
1950.416667	-0.78
1950.5	-0.5
1950.583333	-0.5
1950.666667	-0.52
1950.75	-0.27
1950.833333	-0.59
1950.916667	-0.78
1951	-0.79
1951.083333	-0.73
1951.166667	-0.34
1951.25	-0.24
1951.333333	0.11
1951.416667	0.15
1951.5	0.81
1951.583333	0.86
1951.666667	1.19
1951.75	1.2
1951.833333	1.27
1951.916667	0.85
1952	0.59
1952.083333	0.27
1952.166667	0.24
1952.25	0.38
1952.333333	0.39
1952.416667	0.01
1952.5	-0.19
1952.583333	-0.02
1952.666667	0.24
1952.75	0.31
1952.833333	0.14
1952.916667	0.25
1953	0.59
1953.083333	0.66
1953.166667	0.59
1953.25	0.68
1953.333333	0.7
1953.416667	0.71
1953.5	0.6
1953.583333	0.66
1953.666667	0.82
1953.75	0.8
1953.833333	0.75
1953.916667	0.72
1954	0.77
1954.083333	0.69
1954.166667	0.12
1954.25	-0.64
1954.333333	-0.53
1954.416667	-0.39
1954.5	-0.55
1954.583333	-0.75
1954.666667	-0.93
1954.75	-0.72
1954.833333	-0.55
1954.916667	-0.91
1955	-0.71
1955.083333	-0.62
1955.166667	-0.7
1955.25	-0.84
1955.333333	-0.92
1955.416667	-0.76
1955.5	-0.61
1955.583333	-0.88
1955.666667	-0.69
1955.75	-1.56
1955.833333	-1.93
1955.916667	-1.69
1956	-1.11
1956.083333	-0.62
1956.166667	-0.51
1956.25	-0.59
1956.333333	-0.38
1956.416667	-0.39
1956.5	-0.61
1956.583333	-0.62
1956.666667	-0.43
1956.75	-0.43
1956.833333	-0.61
1956.916667	-0.58
1957	-0.3
1957.083333	-0.05
1957.166667	0.49
1957.25	0.77
1957.333333	0.96
1957.416667	0.89
1957.5	1.13
1957.583333	1.22
1957.666667	1.2
1957.75	1.22
1957.833333	1.54
1957.916667	1.78
1958	1.96
1958.083333	1.77
1958.166667	1.18
1958.25	0.78
1958.333333	0.72
1958.416667	0.67
1958.5	0.49
1958.583333	0.37
1958.666667	0.16
1958.75	0.35
1958.833333	0.64
1958.916667	0.48
1959	0.73
1959.083333	0.61
1959.166667	0.4
1959.25	0.36
1959.333333	0.19
1959.416667	-0.04
1959.5	-0.42
1959.583333	-0.2
1959.666667	-0.16
1959.75	0.16
1959.833333	0.07
1959.916667	0.14
1960	-0.15
1960.083333	-0.36
1960.166667	-0.18
1960.25	-0.06
1960.333333	0
1960.416667	-0.14
1960.5	0.08
1960.583333	0.32
1960.666667	0.26
1960.75	0.08
1960.833333	0.08
1960.916667	0.11
1961	0.01
1961.083333	0.01
1961.166667	-0.1
1961.25	0.01
1961.333333	0.3
1961.416667	0.54
1961.5	0.21
1961.583333	-0.09
1961.666667	-0.38
1961.75	-0.34
1961.833333	-0.04
1961.916667	-0.07
1962	-0.24
1962.083333	-0.31
1962.166667	-0.29
1962.25	-0.27
1962.333333	-0.32
1962.416667	-0.12
1962.5	0
1962.583333	0.01
1962.666667	-0.27
1962.75	-0.22
1962.833333	-0.36
1962.916667	-0.52
1963	-0.5
1963.083333	-0.21
1963.166667	0.21
1963.25	0.37
1963.333333	0.16
1963.416667	0.38
1963.5	0.97
1963.583333	1.13
1963.666667	1.11
1963.75	1.28
1963.833333	1.36
1963.916667	1.43
1964	1.05
1964.083333	0.67
1964.166667	0.01
1964.25	-0.44
1964.333333	-0.61
1964.416667	-0.64
1964.5	-0.51
1964.583333	-0.76
1964.666667	-0.86
1964.75	-0.74
1964.833333	-0.84
1964.916667	-0.86
1965	-0.58
1965.083333	-0.23
1965.166667	0.03
1965.25	0.12
1965.333333	0.52
1965.416667	0.89
1965.5	1.09
1965.583333	1.57
1965.666667	1.68
1965.75	1.97
1965.833333	2.04
1965.916667	1.79
1966	1.29
1966.083333	0.99
1966.166667	1.07
1966.25	0.74
1966.333333	0.06
1966.416667	0.35
1966.5	0.37
1966.583333	0.03
1966.666667	-0.04
1966.75	-0.09
1966.833333	-0.08
1966.916667	-0.25
1967	-0.29
1967.083333	-0.31
1967.166667	-0.47
1967.25	-0.58
1967.333333	-0.11
1967.416667	0.2
1967.5	0.12
1967.583333	-0.02
1967.666667	-0.43
1967.75	-0.31
1967.833333	-0.24
1967.916667	-0.36
1968	-0.68
1968.083333	-0.87
1968.166667	-0.76
1968.25	-0.41
1968.333333	-0.45
1968.416667	0.27
1968.5	0.56
1968.583333	0.49
1968.666667	0.37
1968.75	0.49
1968.833333	0.88
1968.916667	0.97
1969	1.09
1969.083333	1.29
1969.166667	0.88
1969.25	0.89
1969.333333	0.89
1969.416667	0.58
1969.5	0.26
1969.583333	0.54
1969.666667	0.82
1969.75	1.01
1969.833333	0.86
1969.916667	0.86
1970	0.61
1970.083333	0.38
1970.166667	0.23
1970.25	0.45
1970.333333	0.16
1970.416667	-0.29
1970.5	-0.57
1970.583333	-0.76
1970.666667	-0.66
1970.75	-0.71
1970.833333	-0.67
1970.916667	-0.98
1971	-1.42
1971.083333	-1.31
1971.166667	-1.07
1971.25	-0.76
1971.333333	-0.59
1971.416667	-0.77
1971.5	-0.77
1971.583333	-0.69
1971.666667	-0.63
1971.75	-0.92
1971.833333	-0.87
1971.916667	-0.97
1972	-0.67
1972.083333	-0.28
1972.166667	0.04
1972.25	0.39
1972.333333	0.62
1972.416667	0.77
1972.5	1.13
1972.583333	1.44
1972.666667	1.54
1972.75	1.89
1972.833333	2.13
1972.916667	2.27
1973	1.91
1973.083333	1.28
1973.166667	0.54
1973.25	-0.16
1973.333333	-0.53
1973.416667	-0.73
1973.5	-1.11
1973.583333	-1.2
1973.666667	-1.24
1973.75	-1.52
1973.833333	-2.05
1973.916667	-2.08
1974	-1.99
1974.083333	-1.57
1974.166667	-1.24
1974.25	-0.9
1974.333333	-0.8
1974.416667	-0.75
1974.5	-0.57
1974.583333	-0.3
1974.666667	-0.34
1974.75	-0.65
1974.833333	-0.92
1974.916667	-0.82
1975	-0.33
1975.083333	-0.48
1975.166667	-0.72
1975.25	-0.54
1975.333333	-0.68
1975.416667	-1.17
1975.5	-1.07
1975.583333	-1.19
1975.666667	-1.36
1975.75	-1.69
1975.833333	-1.45
1975.916667	-1.76
1976	-1.78
1976.083333	-1.1
1976.166667	-0.55
1976.25	-0.53
1976.333333	-0.33
1976.416667	-0.1
1976.5	0.2
1976.583333	0.39
1976.666667	0.49
1976.75	0.88
1976.833333	0.85
1976.916667	0.63
1977	0.81
1977.083333	0.47
1977.166667	0.43
1977.25	0.08
1977.333333	0.34
1977.416667	0.5
1977.5	0.49
1977.583333	0.22
1977.666667	0.57
1977.75	0.76
1977.833333	0.7
1977.916667	0.83
1978	0.81
1978.083333	0.48
1978.166667	0.09
1978.25	-0.28
1978.333333	-0.26
1978.416667	-0.29
1978.5	-0.26
1978.583333	-0.47
1978.666667	-0.43
1978.75	-0.19
1978.833333	-0.14
1978.916667	-0.04
1979	-0.05
1979.083333	-0.07
1979.166667	0.33
1979.25	0.33
1979.333333	0.13
1979.416667	0.1
1979.5	-0.1
1979.583333	0.07
1979.666667	0.52
1979.75	0.41
1979.833333	0.51
1979.916667	0.56
1980	0.59
1980.083333	0.34
1980.166667	0.23
1980.25	0.25
1980.333333	0.37
1980.416667	0.54
1980.5	0.29
1980.583333	-0.08
1980.666667	-0.06
1980.75	-0.09
1980.833333	0.06
1980.916667	0.06
1981	-0.5
1981.083333	-0.69
1981.166667	-0.52
1981.25	-0.36
1981.333333	-0.35
1981.416667	-0.21
1981.5	-0.46
1981.583333	-0.49
1981.666667	-0.16
1981.75	-0.12
1981.833333	-0.22
1981.916667	-0.14
1982	0.02
1982.083333	-0.11
1982.166667	0.08
1982.25	0.22
1982.333333	0.65
1982.416667	0.76
1982.5	0.52
1982.583333	0.9
1982.666667	1.51
1982.75	2.03
1982.833333	2.07
1982.916667	2.31
1983	2.25
1983.083333	1.9
1983.166667	1.47
1983.25	1.05
1983.333333	1.06
1983.416667	0.72
1983.5	0.07
1983.583333	-0.21
1983.666667	-0.5
1983.75	-0.89
1983.833333	-1.09
1983.916667	-0.8
1984	-0.54
1984.083333	-0.12
1984.166667	-0.23
1984.25	-0.39
1984.333333	-0.46
1984.416667	-0.61
1984.5	-0.29
1984.583333	-0.08
1984.666667	-0.26
1984.75	-0.5
1984.833333	-1.02
1984.916667	-1.23
1985	-1.09
1985.083333	-0.72
1985.166667	-0.75
1985.25	-0.76
1985.333333	-0.68
1985.416667	-0.64
1985.5	-0.49
1985.583333	-0.47
1985.666667	-0.61
1985.75	-0.43
1985.833333	-0.26
1985.916667	-0.43
1986	-0.52
1986.083333	-0.47
1986.166667	-0.23
1986.25	-0.02
1986.333333	-0.2
1986.416667	0.03
1986.5	0.28
1986.583333	0.46
1986.666667	0.65
1986.75	0.95
1986.833333	1.07
1986.916667	1.17
1987	1.25
1987.083333	1.28
1987.166667	1.26
1987.25	1.02
1987.333333	0.93
1987.416667	1.13
1987.5	1.41
1987.583333	1.72
1987.666667	1.71
1987.75	1.43
1987.833333	1.33
1987.916667	1.03
1988	0.94
1988.083333	0.28
1988.166667	0.22
1988.25	-0.1
1988.333333	-0.81
1988.416667	-1.33
1988.5	-1.45
1988.583333	-1.04
1988.666667	-0.98
1988.75	-1.81
1988.833333	-1.87
1988.916667	-1.89
1989	-1.85
1989.083333	-1.39
1989.166667	-1.11
1989.25	-0.83
1989.333333	-0.59
1989.416667	-0.29
1989.5	-0.31
1989.583333	-0.33
1989.666667	-0.24
1989.75	-0.33
1989.833333	-0.32
1989.916667	0.01
1990	0.07
1990.083333	0.3
1990.166667	0.16
1990.25	0.28
1990.333333	0.3
1990.416667	0.1
1990.5	0.32
1990.583333	0.41
1990.666667	0.26
1990.75	0.37
1990.833333	0.28
1990.916667	0.4
1991	0.37
1991.083333	0.26
1991.166667	0.02
1991.25	0.32
1991.333333	0.47
1991.416667	0.71
1991.5	0.88
1991.583333	0.79
1991.666667	0.53
1991.75	0.76
1991.833333	1.13
1991.916667	1.55
1992	1.65
1992.083333	1.55
1992.166667	1.28
1992.25	1.27
1992.333333	1.12
1992.416667	0.66
1992.5	0.27
1992.583333	0.04
1992.666667	-0.21
1992.75	-0.45
1992.833333	-0.2
1992.916667	-0.04
1993	0.17
1993.083333	0.33
1993.166667	0.35
1993.25	0.72
1993.333333	0.81
1993.416667	0.38
1993.5	0.31
1993.583333	0.09
1993.666667	0.27
1993.75	0.16
1993.833333	0.13
1993.916667	0.04
1994	0.05
1994.083333	0.1
1994.166667	0.15
1994.25	0.33
1994.333333	0.37
1994.416667	0.4
1994.5	0.38
1994.583333	0.46
1994.666667	0.37
1994.75	0.69
1994.833333	1.16
1994.916667	1.26
1995	1.04
1995.083333	0.81
1995.166667	0.55
1995.25	0.38
1995.333333	-0.02
1995.416667	0.11
1995.5	-0.04
1995.583333	-0.51
1995.666667	-0.68
1995.75	-0.77
1995.833333	-0.96
1995.916667	-0.88
1996	-0.83
1996.083333	-0.85
1996.166667	-0.59
1996.25	-0.38
1996.333333	-0.26
1996.416667	-0.2
1996.5	-0.26
1996.583333	-0.18
1996.666667	-0.39
1996.75	-0.3
1996.833333	-0.3
1996.916667	-0.57
1997	-0.58
1997.083333	-0.38
1997.166667	-0.19
1997.25	0.18
1997.333333	0.71
1997.416667	1.17
1997.5	1.58
1997.583333	1.76
1997.666667	2.06
1997.75	2.34
1997.833333	2.38
1997.916667	2.35
1998	2.3
1998.083333	1.88
1998.166667	1.33
1998.25	0.85
1998.333333	0.57
1998.416667	-0.27
1998.5	-0.75
1998.583333	-1
1998.666667	-1.17
1998.75	-1.33
1998.833333	-1.25
1998.916667	-1.57
1999	-1.7
1999.083333	-1.25
1999.166667	-0.89
1999.25	-0.87
1999.333333	-0.91
1999.416667	-1.02
1999.5	-0.99
1999.583333	-1.11
1999.666667	-1.07
1999.75	-1.18
1999.833333	-1.53
1999.916667	-1.72
2000	-1.78
2000.083333	-1.59
2000.166667	-1.05
2000.25	-0.8
2000.333333	-0.81
2000.416667	-0.72
2000.5	-0.58
2000.583333	-0.46
2000.666667	-0.51
2000.75	-0.67
2000.833333	-0.73
2000.916667	-0.85
2001	-0.74
2001.083333	-0.58
2001.166667	-0.43
2001.25	-0.4
2001.333333	-0.21
2001.416667	-0.08
2001.5	0.1
2001.583333	0.04
2001.666667	-0.08
2001.75	-0.12
2001.833333	-0.26
2001.916667	-0.36
2002	-0.18
2002.083333	0
2002.166667	0.16
2002.25	0.2
2002.333333	0.52
2002.416667	0.79
2002.5	0.75
2002.583333	0.73
2002.666667	0.9
2002.75	1.14
2002.833333	1.39
2002.916667	1.39
2003	1.01
2003.083333	0.8
2003.166667	0.51
2003.25	-0.05
2003.333333	-0.49
2003.416667	-0.12
2003.5	0.39
2003.583333	0.41
2003.666667	0.28
2003.75	0.54
2003.833333	0.4
2003.916667	0.38
2004	0.25
2004.083333	0.23
2004.166667	0.08
2004.25	0.12
2004.333333	0.12
2004.416667	0.25
2004.5	0.59
2004.583333	0.74
2004.666667	0.76
2004.75	0.76
2004.833333	0.65
2004.916667	0.71
2005	0.64
2005.083333	0.34
2005.166667	0.31
2005.25	0.23
2005.333333	0.39
2005.416667	0.3
2005.5	0.18
2005.583333	0.19
2005.666667	-0.03
2005.75	-0.07
2005.833333	-0.61
2005.916667	-0.88
2006	-1.01
2006.083333	-0.68
2006.166667	-0.52
2006.25	-0.26
2006.333333	0.01
2006.416667	0.14
2006.5	0.1
2006.583333	0.34
2006.666667	0.5
2006.75	0.69
2006.833333	1.09
2006.916667	1.18
2007	0.72
2007.083333	0.16
2007.166667	-0.07
2007.25	-0.25
2007.333333	-0.36
2007.416667	-0.15
2007.5	-0.34
2007.583333	-0.64
2007.666667	-0.86
2007.75	-1.04
2007.833333	-1.25
2007.916667	-1.3
2008	-1.58
2008.083333	-1.64
2008.166667	-1.16
2008.25	-0.82
2008.333333	-0.71
2008.416667	-0.54
2008.5	-0.27
2008.583333	-0.11
2008.666667	-0.13
2008.75	-0.12
2008.833333	-0.41
2008.916667	-0.81
2009	-0.94
2009.083333	-0.74
2009.166667	-0.54
2009.25	-0.16
2009.333333	0.24
2009.416667	0.43
2009.5	0.53
2009.583333	0.61
2009.666667	0.7
2009.75	0.99
2009.833333	1.53
2009.916667	1.78
2010	1.57
2010.083333	1.31
2010.166667	0.99
2010.25	0.63
2010.333333	0.1
2010.416667	-0.46
2010.5	-0.89
2010.583333	-1.29
2010.666667	-1.52
2010.75	-1.53
2010.833333	-1.42
2010.916667	-1.4
2011	-1.59
2011.083333	-1.15
2011.166667	-0.95
2011.25	-0.59
2011.333333	-0.25
2011.416667	-0.05
2011.5	-0.19
2011.583333	-0.39
2011.666667	-0.66
2011.75	-0.81
2011.833333	-1.04
2011.916667	-1.09
2012	-0.84
2012.083333	-0.66
2012.166667	-0.41
2012.25	-0.27
2012.333333	-0.2
2012.416667	0
2012.5	0.1
2012.583333	0.28
2012.666667	0.75
2012.75	0.56
2012.833333	0.46
2012.916667	-0.46
2013	-0.78
2013.083333	-0.63
2013.166667	-0.45
2013.25	0
2013.333333	-0.14
2013.416667	-0.3
2013.5	-0.32
2013.583333	-0.37
2013.666667	-0.28
2013.75	-0.14
2013.833333	-0.2
2013.916667	-0.49
2014	-0.64
2014.083333	-0.77
2014.166667	-0.48
2014.25	-0.13
2014.333333	0.15
