1856.00	0.5840834
1856.08	0.6560833
1856.17	0.5232917
1856.25	0.4605
1856.33	0.533125
1856.42	0.479375
1856.50	0.452125
1856.58	0.3988333
1856.67	0.3230417
1856.75	0.04095833
1856.83	-0.320875
1856.92	-0.6630834
1857.00	-0.5136667
1857.08	-0.5501667
1857.17	-0.5942084
1857.25	-0.4492917
1857.33	-0.4239584
1857.42	-0.3534583
1857.50	-0.3826667
1857.58	-0.438
1857.67	-0.2658333
1857.75	-0.4044167
1857.83	-0.3678333
1857.92	-0.1151667
1858.00	-0.007250002
1858.08	-0.05195833
1858.17	-0.1795417
1858.25	-0.269375
1858.33	-0.190125
1858.42	-0.08320834
1858.50	-0.039
1858.58	0.03645834
1858.67	-0.05254167
1858.75	-0.1244583
1858.83	-0.1964583
1858.92	-0.3895833
1859.00	-0.427
1859.08	-0.2257084
1859.17	-0.08004167
1859.25	-0.173125
1859.33	0.04775
1859.42	0.06645834
1859.50	0.1731667
1859.58	0.1237083
1859.67	-0.025375
1859.75	-0.07675
1859.83	-0.1910417
1859.92	-0.3212084
1860.00	-0.7064584
1860.08	-0.8875417
1860.17	-0.8792917
1860.25	-0.8722084
1860.33	-0.69225
1860.42	-0.4872084
1860.50	-0.3905417
1860.58	-0.389875
1860.67	-0.4159583
1860.75	-0.4427917
1860.83	-0.7910834
1860.92	-0.7463334
1861.00	-0.5109584
1861.08	-0.3969167
1861.17	-0.5925417
1861.25	-0.539125
1861.33	-0.561125
1861.42	-0.5055
1861.50	-0.416125
1861.58	-0.5435833
1861.67	-0.6634583
1861.75	-0.5951667
1861.83	-0.5729584
1861.92	-0.4389583
1862.00	-0.4377917
1862.08	-0.2539583
1862.17	0.025
1862.25	0.2175833
1862.33	0.4356667
1862.42	0.2670833
1862.50	0.2312917
1862.58	0.06391667
1862.67	-0.3571667
1862.75	-0.6775417
1862.83	-1.045458
1862.92	-0.766
1863.00	-0.4722084
1863.08	-0.2445
1863.17	-0.215625
1863.25	-0.092375
1863.33	-0.03820833
1863.42	-0.04604167
1863.50	0.07654167
1863.58	0.2695833
1863.67	0.210625
1863.75	0.227125
1863.83	0.1628333
1863.92	0.1528333
1864.00	-0.03658333
1864.08	-0.02779167
1864.17	3.33E-04
1864.25	0.1410417
1864.33	0.2686667
1864.42	0.2359167
1864.50	0.5866667
1864.58	0.9725417
1864.67	0.9959584
1864.75	1.057333
1864.83	0.948375
1864.92	0.9052084
1865.00	0.827
1865.08	0.8169584
1865.17	0.6749583
1865.25	0.6881667
1865.33	0.6738334
1865.42	0.6801251
1865.50	0.8345417
1865.58	0.813
1865.67	0.8700417
1865.75	0.9831667
1865.83	1.06
1865.92	1.171292
1866.00	1.296875
1866.08	1.21825
1866.17	1.15525
1866.25	1.054625
1866.33	1.19
1866.42	1.287125
1866.50	1.168667
1866.58	1.008958
1866.67	0.8068334
1866.75	0.7110834
1866.83	0.705875
1866.92	0.6376667
1867.00	0.7804584
1867.08	0.809875
1867.17	0.9152084
1867.25	0.9289584
1867.33	1.11025
1867.42	1.190958
1867.50	0.9927084
1867.58	0.8337917
1867.67	0.7964584
1867.75	0.567
1867.83	0.415125
1867.92	0.4935417
1868.00	0.4638334
1868.08	0.4315833
1868.17	0.3597917
1868.25	0.267125
1868.33	0.46825
1868.42	0.5192084
1868.50	0.5402917
1868.58	0.7031667
1868.67	1.088625
1868.75	1.311125
1868.83	1.6145
1868.92	1.452292
1869.00	1.125958
1869.08	0.7597501
1869.17	0.393125
1869.25	0.1795833
1869.33	-0.03066667
1869.42	-0.1940833
1869.50	-0.3010834
1869.58	-0.7029167
1869.67	-1.221083
1869.75	-0.8794584
1869.83	-0.79675
1869.92	-0.8012084
1870.00	-0.9654167
1870.08	-0.7483751
1870.17	-0.4341667
1870.25	-0.2154167
1870.33	-0.3744583
1870.42	-0.519375
1870.50	-0.6695417
1870.58	-0.7093334
1870.67	-0.690375
1870.75	-0.841625
1870.83	-0.9341251
1870.92	-0.5644167
1871.00	-0.35825
1871.08	-0.2924584
1871.17	-0.1435833
1871.25	-0.149625
1871.33	-0.27425
1871.42	-0.3724167
1871.50	-0.2715
1871.58	-0.3378333
1871.67	-0.175625
1871.75	-0.05220833
1871.83	-0.005000001
1871.92	-0.218875
1872.00	-0.5075001
1872.08	-0.533375
1872.17	-0.5465834
1872.25	-0.598875
1872.33	-0.6535
1872.42	-0.5886667
1872.50	-0.51475
1872.58	-0.62175
1872.67	-1.00625
1872.75	-0.9237084
1872.83	-0.8687084
1872.92	-0.783375
1873.00	-0.7317083
1873.08	-0.8480834
1873.17	-0.8297084
1873.25	-0.69625
1873.33	-0.4467084
1873.42	-0.3306667
1873.50	-0.151875
1873.58	-0.3927917
1873.67	-0.3576667
1873.75	-0.6431251
1873.83	-1.021875
1873.92	-1.1575
1874.00	-0.977125
1874.08	-1.094875
1874.17	-0.9694167
1874.25	-0.8380001
1874.33	-0.7487084
1874.42	-0.7400834
1874.50	-0.852625
1874.58	-1.169375
1874.67	-1.00825
1874.75	-1.027667
1874.83	-1.241292
1874.92	-0.78575
1875.00	-0.5002084
1875.08	-0.7718334
1875.17	-0.4692917
1875.25	-0.7503334
1875.33	-0.6111667
1875.42	-0.5960833
1875.50	-0.4154584
1875.58	-0.7095
1875.67	-0.5875417
1875.75	-0.87975
1875.83	-0.7973334
1875.92	-0.6422501
1876.00	-0.9426667
1876.08	-0.9870834
1876.17	-0.9531251
1876.25	-0.9444584
1876.33	-0.48925
1876.42	-0.2585833
1876.50	-0.022625
1876.58	-0.03933334
1876.67	-0.06529167
1876.75	0.4621667
1876.83	0.44225
1876.92	0.3955834
1877.00	0.6929584
1877.08	0.644125
1877.17	0.7826667
1877.25	1.152708
1877.33	1.144458
1877.42	1.700083
1877.50	1.855333
1877.58	2.149458
1877.67	2.492959
1877.75	2.531792
1877.83	2.617208
1877.92	2.767667
1878.00	2.706459
1878.08	2.489792
1878.17	2.063375
1878.25	1.616333
1878.33	1.422458
1878.42	1.187625
1878.50	0.8755417
1878.58	0.4312917
1878.67	-0.07991667
1878.75	-0.3452917
1878.83	-0.3299583
1878.92	-0.3771667
1879.00	-0.085
1879.08	0.125875
1879.17	-0.037
1879.25	-0.050875
1879.33	-0.06475
1879.42	-0.211625
1879.50	-0.340875
1879.58	-0.7759584
1879.67	-0.5237917
1879.75	-0.5384583
1879.83	-0.6566667
1879.92	-0.9757084
1880.00	-1.141333
1880.08	-0.3616667
1880.17	-0.1692917
1880.25	-0.08158334
1880.33	-0.120875
1880.42	-0.2335833
1880.50	-0.4069167
1880.58	-0.106875
1880.67	0.198125
1880.75	0.4769167
1880.83	0.3572083
1880.92	0.441
1881.00	0.424375
1881.08	0.2991667
1881.17	0.3142917
1881.25	0.4110417
1881.33	0.3185
1881.42	0.120375
1881.50	-0.039375
1881.58	0.09316667
1881.67	0.01020833
1881.75	-0.1216667
1881.83	-0.3246667
1881.92	-0.3718334
1882.00	-0.4365
1882.08	-0.3974583
1882.17	-0.2572917
1882.25	-0.1872917
1882.33	-0.3114583
1882.42	-0.772375
1882.50	-0.9150833
1882.58	-0.6934167
1882.67	-0.3923334
1882.75	-0.5960417
1882.83	-0.71075
1882.92	-0.63225
1883.00	-0.5949167
1883.08	-0.4695417
1883.17	-0.05945834
1883.25	0.1316667
1883.33	0.1386667
1883.42	0.1852083
1883.50	0.232125
1883.58	0.2109167
1883.67	0.08870834
1883.75	-0.1018333
1883.83	0.05220834
1883.92	-0.172625
1884.00	-0.2718334
1884.08	-0.246375
1884.17	0.100625
1884.25	0.518
1884.33	0.463625
1884.42	0.2621667
1884.50	0.2916667
1884.58	0.4677917
1884.67	0.4278333
1884.75	0.7608334
1884.83	0.751875
1884.92	0.8725834
1885.00	0.725
1885.08	0.2949167
1885.17	0.4200417
1885.25	0.3786667
1885.33	0.16825
1885.42	0.1327917
1885.50	-0.04025
1885.58	0.1744583
1885.67	0.5649583
1885.75	0.7364167
1885.83	0.78775
1885.92	0.638875
1886.00	0.071375
1886.08	-0.4070834
1886.17	-0.3071667
1886.25	-0.3339584
1886.33	-0.5292084
1886.42	-0.9582917
1886.50	-0.9317084
1886.58	-0.8658334
1886.67	-0.66
1886.75	-0.9444167
1886.83	-0.9131667
1886.92	-1.1235
1887.00	-0.9293334
1887.08	-0.8668334
1887.17	-0.668875
1887.25	-0.5621667
1887.33	-0.1482917
1887.42	-0.01866667
1887.50	-0.004416666
1887.58	-0.3265834
1887.67	-0.01316667
1887.75	0.003291666
1887.83	0.2019167
1887.92	0.29225
1888.00	0.5075834
1888.08	0.6724584
1888.17	0.5879584
1888.25	0.4784167
1888.33	0.8720834
1888.42	0.865625
1888.50	0.8955417
1888.58	0.9285834
1888.67	1.491667
1888.75	1.800875
1888.83	1.976417
1888.92	2.133417
1889.00	2.080333
1889.08	1.609333
1889.17	1.285208
1889.25	0.9745001
1889.33	0.7251667
1889.42	0.213875
1889.50	-0.2727084
1889.58	-0.9476667
1889.67	-0.734125
1889.75	-1.057833
1889.83	-1.149708
1889.92	-1.107625
1890.00	-1.387458
1890.08	-0.8440834
1890.17	-0.8429584
1890.25	-0.5572917
1890.33	-0.4417084
1890.42	-0.573
1890.50	-0.6245
1890.58	-0.6909584
1890.67	-0.630625
1890.75	-0.9728751
1890.83	-0.8632084
1890.92	-0.2230833
1891.00	0.008083333
1891.08	0.1995
1891.17	0.1517917
1891.25	0.5333334
1891.33	0.6607917
1891.42	0.6017917
1891.50	0.4714167
1891.58	0.3405834
1891.67	-0.08029167
1891.75	0.08112501
1891.83	0.1595833
1891.92	-0.014875
1892.00	0.01691667
1892.08	-0.04241667
1892.17	-0.1315833
1892.25	-0.3770834
1892.33	-0.427375
1892.42	-0.6754584
1892.50	-0.8216251
1892.58	-0.9602084
1892.67	-1.269583
1892.75	-1.720042
1892.83	-1.53575
1892.92	-1.372083
1893.00	-1.338
1893.08	-1.46625
1893.17	-1.1235
1893.25	-1.090375
1893.33	-1.163208
1893.42	-1.078
1893.50	-0.8739167
1893.58	-0.8139584
1893.67	-0.7962084
1893.75	-0.8024583
1893.83	-0.787375
1893.92	-0.6128334
1894.00	-0.7223334
1894.08	-0.7022917
1894.17	-0.7405417
1894.25	-0.544875
1894.33	-0.5567917
1894.42	-0.2485417
1894.50	-0.1227083
1894.58	-0.3525833
1894.67	-0.19175
1894.75	-0.3084584
1894.83	-0.257
1894.92	-0.4374583
1895.00	-0.29525
1895.08	-0.3299583
1895.17	-0.036875
1895.25	0.1225417
1895.33	0.2082083
1895.42	0.07183333
1895.50	0.03425
1895.58	0.1906667
1895.67	0.5338333
1895.75	0.4949583
1895.83	0.8026667
1895.92	0.6525834
1896.00	0.4958333
1896.08	0.4000417
1896.17	0.4307083
1896.25	0.3883334
1896.33	0.3617917
1896.42	0.4791667
1896.50	0.8193334
1896.58	1.329792
1896.67	1.171667
1896.75	1.297125
1896.83	1.748625
1896.92	2.118834
1897.00	1.829625
1897.08	1.48775
1897.17	0.8815417
1897.25	0.4305
1897.33	0.2119583
1897.42	0.09670834
1897.50	0.05341667
1897.58	-0.176
1897.67	-0.03395833
1897.75	-0.2251667
1897.83	-0.44
1897.92	-0.3957084
1898.00	-0.2940834
1898.08	-0.4296667
1898.17	-0.491375
1898.25	-0.1282083
1898.33	-0.178375
1898.42	-0.2380833
1898.50	-0.38575
1898.58	-0.5320417
1898.67	-0.4879167
1898.75	-0.5490834
1898.83	-0.6995834
1898.92	-0.7157084
1899.00	-0.5652917
1899.08	-0.3799584
1899.17	-0.1103333
1899.25	0.2863334
1899.33	0.5398334
1899.42	0.604625
1899.50	0.7571667
1899.58	1.064542
1899.67	1.128333
1899.75	1.298375
1899.83	1.327333
1899.92	1.540083
1900.00	1.431417
1900.08	1.351583
1900.17	1.038333
1900.25	1.026667
1900.33	0.9553334
1900.42	0.8507084
1900.50	0.7727084
1900.58	0.622875
1900.67	0.4963334
1900.75	0.5059167
1900.83	0.2985
1900.92	0.5063334
1901.00	0.327375
1901.08	0.136125
1901.17	-0.112375
1901.25	0.01258333
1901.33	-0.09866667
1901.42	-0.2424167
1901.50	-0.394125
1901.58	-0.31425
1901.67	-0.2810833
1901.75	-0.098125
1901.83	-0.09325001
1901.92	-0.001625002
1902.00	0.2580833
1902.08	0.4116667
1902.17	0.491125
1902.25	0.6415001
1902.33	0.8915834
1902.42	1.180208
1902.50	1.549333
1902.58	1.597583
1902.67	1.634208
1902.75	1.550208
1902.83	1.778667
1902.92	1.554833
1903.00	1.133708
1903.08	0.8522917
1903.17	0.5903333
1903.25	0.23875
1903.33	-0.02204167
1903.42	-0.297875
1903.50	-0.4165
1903.58	-0.4931667
1903.67	-0.570875
1903.75	-0.5977917
1903.83	-0.7731667
1903.92	-0.9750417
1904.00	-0.6440834
1904.08	-0.428
1904.17	-0.2572083
1904.25	0.010875
1904.33	0.2477084
1904.42	0.3547917
1904.50	0.6286667
1904.58	0.7090834
1904.67	0.5278333
1904.75	0.7075
1904.83	0.7598334
1904.92	0.9316251
1905.00	1.019167
1905.08	0.8944167
1905.17	1.034833
1905.25	1.164208
1905.33	1.537708
1905.42	1.602917
1905.50	1.505667
1905.58	1.491333
1905.67	1.676708
1905.75	1.574875
1905.83	1.520417
1905.92	1.506417
1906.00	1.362167
1906.08	0.9341251
1906.17	0.4799584
1906.25	0.6007917
1906.33	0.1574167
1906.42	0.05429167
1906.50	-0.241875
1906.58	-0.7842917
1906.67	-0.5009584
1906.75	-0.559125
1906.83	-0.5752917
1906.92	-0.4164167
1907.00	-0.406125
1907.08	-0.383875
1907.17	-0.182625
1907.25	0.02775
1907.33	0.195625
1907.42	0.424625
1907.50	0.414
1907.58	0.16975
1907.67	0.09320834
1907.75	-0.01341667
1907.83	-0.2274167
1907.92	0.1665833
1908.00	-0.076125
1908.08	-0.1080833
1908.17	-0.3264167
1908.25	-0.5873334
1908.33	-0.5269583
1908.42	-0.3969167
1908.50	-0.6345834
1908.58	-0.4517917
1908.67	-0.5971251
1908.75	-0.6689584
1908.83	-0.84425
1908.92	-1.075167
1909.00	-0.8266667
1909.08	-0.6670001
1909.17	-0.511
1909.25	-0.3935
1909.33	-0.331875
1909.42	-0.4347917
1909.50	-0.4260834
1909.58	-0.4435417
1909.67	-0.5923334
1909.75	-0.9321667
1909.83	-1.226875
1909.92	-1.02675
1910.00	-0.9135417
1910.08	-0.9789167
1910.17	-0.96975
1910.25	-1.154583
1910.33	-1.004042
1910.42	-0.649875
1910.50	-0.61075
1910.58	-0.8955001
1910.67	-0.5580417
1910.75	-0.5992084
1910.83	-0.6202917
1910.92	-0.5151667
1911.00	-0.4992917
1911.08	-0.8353751
1911.17	-0.7784167
1911.25	-0.6631667
1911.33	-0.213125
1911.42	0.1304583
1911.50	0.3517084
1911.58	0.5590417
1911.67	0.7210833
1911.75	0.984875
1911.83	1.256125
1911.92	1.547542
1912.00	1.391042
1912.08	1.138958
1912.17	0.8085417
1912.25	0.7455834
1912.33	0.471375
1912.42	0.2027917
1912.50	-0.159
1912.58	-0.2946667
1912.67	-0.1462917
1912.75	-0.01758333
1912.83	0.02733333
1912.92	-0.034875
1913.00	0.33625
1913.08	0.3775834
1913.17	-0.04704167
1913.25	-0.2415833
1913.33	-0.1526667
1913.42	0.1026667
1913.50	0.2762917
1913.58	0.3826667
1913.67	0.4737084
1913.75	0.6095001
1913.83	0.827
1913.92	1.058167
1914.00	1.061042
1914.08	0.7104583
1914.17	0.7070417
1914.25	1.0035
1914.33	0.8069584
1914.42	0.4959167
1914.50	0.7023751
1914.58	1.031
1914.67	1.057417
1914.75	1.202125
1914.83	1.358708
1914.92	1.464042
1915.00	1.508792
1915.08	1.496
1915.17	1.468292
1915.25	1.344417
1915.33	1.323167
1915.42	1.216
1915.50	1.066542
1915.58	0.5688334
1915.67	0.2486667
1915.75	0.1170833
1915.83	-0.05895834
1915.92	-0.317
1916.00	-0.52875
1916.08	-0.6020417
1916.17	-0.582625
1916.25	-0.6352084
1916.33	-0.8247917
1916.42	-0.9106667
1916.50	-0.9301667
1916.58	-1.302542
1916.67	-1.20875
1916.75	-1.114375
1916.83	-1.212958
1916.92	-1.279917
1917.00	-1.413417
1917.08	-1.187125
1917.17	-1.308708
1917.25	-0.6171667
1917.33	-0.2916667
1917.42	0.1084167
1917.50	0.1105
1917.58	-0.1784167
1917.67	-0.4289167
1917.75	-0.7699167
1917.83	-1.043167
1917.92	-1.0985
1918.00	-1.100208
1918.08	-0.776625
1918.17	-0.2953334
1918.25	0.1034167
1918.33	0.5635417
1918.42	0.841
1918.50	1.06325
1918.58	1.173333
1918.67	1.415042
1918.75	1.760667
1918.83	1.932667
1918.92	1.797208
1919.00	1.730833
1919.08	1.558167
1919.17	1.312458
1919.25	1.159042
1919.33	0.8925417
1919.42	0.599875
1919.50	0.3899584
1919.58	0.6140833
1919.67	0.5985417
1919.75	0.4863334
1919.83	0.589
1919.92	0.9495417
1920.00	1.106708
1920.08	1.144208
1920.17	0.9491251
1920.25	0.964875
1920.33	1.019875
1920.42	0.74275
1920.50	0.2820417
1920.58	0.163
1920.67	0.142375
1920.75	-0.1117083
1920.83	-0.144125
1920.92	-0.0555
1921.00	-0.188375
1921.08	-0.5710417
1921.17	-1.287125
1921.25	-0.5607083
1921.33	-0.2544583
1921.42	-0.1210417
1921.50	-0.1094583
1921.58	-0.1855417
1921.67	-0.07279167
1921.75	-0.08754167
1921.83	-0.1747083
1921.92	-0.3365
1922.00	-0.425
1922.08	0.2158333
1922.17	0.3493333
1922.25	0.214
1922.33	0.1818333
1922.42	-0.09508333
1922.50	-0.6167083
1922.58	-1.315792
1922.67	-0.9475417
1922.75	-0.6440001
1922.83	-0.5449584
1922.92	-0.4859584
1923.00	-0.4077083
1923.08	-0.2070833
1923.17	0.02166667
1923.25	0.3290834
1923.33	0.6767917
1923.42	0.7594167
1923.50	0.5658334
1923.58	0.8487917
1923.67	0.7702084
1923.75	0.578125
1923.83	0.9457501
1923.92	1.034917
1924.00	0.7594167
1924.08	0.6881667
1924.17	0.6669584
1924.25	0.1530417
1924.33	-0.5044584
1924.42	-0.7379584
1924.50	-0.7727084
1924.58	-0.8528334
1924.67	-0.8373334
1924.75	-0.6697917
1924.83	-0.798375
1924.92	-0.691
1925.00	-1.075708
1925.08	-0.4490834
1925.17	0.1318333
1925.25	0.4714167
1925.33	0.315
1925.42	0.572375
1925.50	0.8339167
1925.58	0.920375
1925.67	0.904375
1925.75	0.822625
1925.83	1.438417
1925.92	1.619417
1926.00	1.501083
1926.08	1.119333
1926.17	1.224417
1926.25	1.195833
1926.33	0.8802084
1926.42	0.5204583
1926.50	0.6054584
1926.58	0.3292917
1926.67	-0.116875
1926.75	-0.1063333
1926.83	0.03804167
1926.92	-0.005708335
1927.00	-0.05833334
1927.08	0.49525
1927.17	0.1548333
1927.25	-0.09420834
1927.33	0.17325
1927.42	0.126875
1927.50	-0.3045
1927.58	-0.1492917
1927.67	0.1732083
1927.75	0.379625
1927.83	0.34025
1927.92	0.17675
1928.00	-0.01854167
1928.08	-0.05008334
1928.17	-0.006875002
1928.25	0.1599583
1928.33	0.4234167
1928.42	0.004416665
1928.50	0.02979166
1928.58	0.039375
1928.67	0.072375
1928.75	-0.184
1928.83	-0.2445417
1928.92	-0.1870833
1929.00	-0.2834584
1929.08	0.0935
1929.17	0.0815
1929.25	0.3543333
1929.33	0.3577917
1929.42	0.41175
1929.50	0.3048334
1929.58	0.4515
1929.67	0.5615833
1929.75	0.5313751
1929.83	0.7834167
1929.92	0.543625
1930.00	0.1510833
1930.08	0.003666665
1930.17	0.193
1930.25	0.6871667
1930.33	0.378375
1930.42	0.4411667
1930.50	1.203583
1930.58	1.197708
1930.67	1.299667
1930.75	1.549375
1930.83	2.141167
1930.92	1.91975
1931.00	1.941167
1931.08	1.566542
1931.17	1.207333
1931.25	1.125583
1931.33	0.715
1931.42	0.23675
1931.50	0.00525
1931.58	-0.313125
1931.67	-0.603875
1931.75	-0.666875
1931.83	-0.601875
1931.92	-0.4265417
1932.00	-0.2193334
1932.08	0.04358334
1932.17	0.4449167
1932.25	0.5001251
1932.33	0.700875
1932.42	0.5854167
1932.50	0.2077083
1932.58	-0.08975001
1932.67	0.025875
1932.75	0.01075
1932.83	0.08120834
1932.92	-0.118625
1933.00	-0.2709167
1933.08	0.150875
1933.17	0.194625
1933.25	0.1936667
1933.33	-0.293375
1933.42	-0.5236667
1933.50	-0.56175
1933.58	-0.8795
1933.67	-0.8390834
1933.75	-0.9021251
1933.83	-1.059958
1933.92	-0.8913334
1934.00	-0.4659584
1934.08	-0.4307917
1934.17	-0.5059584
1934.25	0.1855417
1934.33	0.154875
1934.42	0.322875
1934.50	0.1207083
1934.58	0.213625
1934.67	0.1159583
1934.75	-0.1340833
1934.83	0.094125
1934.92	-0.2142917
1935.00	-0.5080417
1935.08	-0.566875
1935.17	-0.3685
1935.25	-0.24025
1935.33	-0.2174167
1935.42	-0.101625
1935.50	-0.1764583
1935.58	0.35125
1935.67	0.2804584
1935.75	0.294125
1935.83	0.181875
1935.92	0.04825
1936.00	0.30975
1936.08	0.3025417
1936.17	0.029625
1936.25	0.217
1936.33	0.138125
1936.42	-0.258625
1936.50	-0.1512083
1936.58	-0.08204167
1936.67	0.009833335
1936.75	0.4034167
1936.83	0.2052917
1936.92	0.131
1937.00	0.1172083
1937.08	0.1554583
1937.17	0.2308334
1937.25	0.4564167
1937.33	-0.17975
1937.42	-0.3534167
1937.50	-0.290375
1937.58	-0.4097084
1937.67	0.017625
1937.75	-0.2217083
1937.83	-0.26075
1937.92	-0.3933333
1938.00	-0.4881667
1938.08	-0.47075
1938.17	-0.4057083
1938.25	-0.323125
1938.33	-0.4740834
1938.42	-0.8281251
1938.50	-1.143958
1938.58	-0.8866667
1938.67	-0.7235417
1938.75	-0.6121667
1938.83	-0.8842917
1938.92	-0.8051667
1939.00	-0.7681251
1939.08	-0.8232084
1939.17	-0.6046667
1939.25	-0.08891667
1939.33	0.06033333
1939.42	0.141125
1939.50	0.087
1939.58	0.2357917
1939.67	-5.42E-04
1939.75	-0.1009583
1939.83	0.2470417
1939.92	0.61475
1940.00	0.61475
1940.08	0.61475
1940.17	0.61475
1940.25	0.61475
1940.33	0.61475
1940.42	0.61475
1940.50	0.61475
1940.58	0.6572917
1940.67	0.5510834
1940.75	0.5604167
1940.83	0.61475
1940.92	0.61475
1941.00	0.61475
1941.08	0.61475
1941.17	0.61475
1941.25	0.61475
1941.33	0.61475
1941.42	0.61475
1941.50	0.6562501
1941.58	0.4623334
1941.67	0.6121667
1941.75	0.61475
1941.83	0.61475
1941.92	0.61475
1942.00	0.61475
1942.08	0.3991667
1942.17	0.1945417
1942.25	0.2915833
1942.33	0.1094167
1942.42	-0.5429167
1942.50	-0.9152501
1942.58	-1.450417
1942.67	-1.467042
1942.75	-1.700417
1942.83	-1.704708
1942.92	-1.435208
1943.00	-1.313917
1943.08	-1.302083
1943.17	-0.8265834
1943.25	-0.3650833
1943.33	0.3725
1943.42	0.3801667
1943.50	0.268125
1943.58	0.018875
1943.67	-0.437625
1943.75	-0.4134583
1943.83	-0.3527917
1943.92	-0.4010417
1944.00	-0.5440417
1944.08	0.1988333
1944.17	0.005666668
1944.25	0.031125
1944.33	0.1789167
1944.42	0.328
1944.50	0.1750833
1944.58	0.06770834
1944.67	-0.4274583
1944.75	-0.4665833
1944.83	-0.7762084
1944.92	-0.5870417
1945.00	-0.6265834
1945.08	-0.3135417
1945.17	-0.432125
1945.25	-0.05508333
1945.33	0.2042917
1945.42	0.05879167
1945.50	-0.37225
1945.58	-0.2225
1945.67	-0.1917083
1945.75	-0.166
1945.83	-0.1162083
1945.92	0.04458334
1946.00	-0.06545833
1946.08	-0.2592917
1946.17	-0.448
1946.25	-0.3714167
1946.33	-0.1468333
1946.42	-0.30325
1946.50	-0.202
1946.58	-1.166583
1946.67	-0.5346251
1946.75	-0.2429167
1946.83	0.013
1946.92	-0.03604167
1947.00	0.08933333
1947.08	0.006166667
1947.17	0.09950001
1947.25	0.068
1947.33	0.144375
1947.42	0.176125
1947.50	0.048125
1947.58	-0.2539167
1947.67	-0.448125
1947.75	-0.4247084
1947.83	-0.3174167
1947.92	-0.1245417
1948.00	-0.186
1948.08	0.261625
1948.17	0.428125
1948.25	0.1349583
1948.33	0.1329167
1948.42	-0.039875
1948.50	-0.3564167
1948.58	-0.3035834
1948.67	-0.51975
1948.75	-0.79225
1948.83	-0.337
1948.92	-0.1490417
1949.00	-0.3777917
1949.08	0.119625
1949.17	-0.41575
1949.25	0.37075
1949.33	0.2958333
1949.42	-0.4814167
1949.50	-0.8129584
1949.58	-0.6470417
1949.67	-0.9257084
1949.75	-1.08475
1949.83	-1.513708
1949.92	-1.293167
1950.00	-1.264958
1950.08	-1.398792
1950.17	-0.5907917
1950.25	-0.6573334
1950.33	-1.079458
1950.42	-0.561375
1950.50	-0.4275834
1950.58	-0.3512084
1950.67	-0.9217501
1950.75	-0.6642917
1950.83	-0.69525
1950.92	-0.4615
1951.00	-0.2005417
1951.08	-0.113
1951.17	-0.08070833
1951.25	0.12925
1951.33	0.3492084
1951.42	0.6534584
1951.50	0.9438334
1951.58	0.9537084
1951.67	0.8770834
1951.75	0.9367084
1951.83	1.058167
1951.92	0.7833334
1952.00	0.6069584
1952.08	0.437875
1952.17	0.2175417
1952.25	0.4243334
1952.33	0.1422917
1952.42	-0.265125
1952.50	-0.4897917
1952.58	-0.2794583
1952.67	-0.1289583
1952.75	-0.07458334
1952.83	-0.4577917
1952.92	-0.22925
1953.00	0.15475
1953.08	0.37275
1953.17	0.2254583
1953.25	0.6130417
1953.33	0.4869584
1953.42	0.5982917
1953.50	0.40175
1953.58	0.422375
1953.67	1.030625
1953.75	0.535
1953.83	0.3735417
1953.92	0.428875
1954.00	0.2042917
1954.08	-0.03129167
1954.17	-0.1205417
1954.25	-0.767
1954.33	-0.76675
1954.42	-0.6817917
1954.50	-0.7750834
1954.58	-0.7529167
1954.67	-0.9442917
1954.75	-0.80575
1954.83	-0.5814583
1954.92	-0.8240417
1955.00	-0.4450417
1955.08	-0.393625
1955.17	-0.3714584
1955.25	-0.4055
1955.33	-0.95825
1955.42	-0.8116667
1955.50	-0.5105417
1955.58	-0.5210417
1955.67	-0.9434167
1955.75	-1.259667
1955.83	-1.72825
1955.92	-1.362417
1956.00	-0.8777917
1956.08	-0.29675
1956.17	-0.335875
1956.25	-0.3919167
1956.33	-0.2565417
1956.42	-0.31225
1956.50	-0.3865417
1956.58	-0.459
1956.67	-0.5269583
1956.75	-0.61125
1956.83	-0.9212084
1956.92	-0.5896667
1957.00	-0.548875
1957.08	0.134125
1957.17	0.5798751
1957.25	0.6876667
1957.33	0.7767917
1957.42	0.9380417
1957.50	1.17175
1957.58	1.39425
1957.67	0.8230417
1957.75	0.8654584
1957.83	1.295542
1957.92	1.24575
1958.00	1.454958
1958.08	1.122625
1958.17	0.6045001
1958.25	0.3869167
1958.33	0.5602917
1958.42	0.3310834
1958.50	0.2275833
1958.58	0.1564583
1958.67	-0.001791667
1958.75	-0.02141667
1958.83	0.1468333
1958.92	0.1662917
1959.00	-0.01008333
1959.08	-0.02808333
1959.17	-0.1025
1959.25	0.3557084
1959.33	0.3619167
1959.42	-0.042
1959.50	-0.3919584
1959.58	-0.5303333
1959.67	-0.255875
1959.75	0.050375
1959.83	-0.004375001
1959.92	-0.039875
1960.00	0.065375
1960.08	-0.1235
1960.17	0.2257917
1960.25	0.056375
1960.33	-0.03941667
1960.42	-0.289125
1960.50	-0.17875
1960.58	0.1907917
1960.67	0.1380417
1960.75	-0.5229583
1960.83	-0.4422917
1960.92	-0.3513333
1961.00	-0.34575
1961.08	0.1231667
1961.17	0.027375
1961.25	0.5303333
1961.33	0.3475417
1961.42	0.6330833
1961.50	-0.2915833
1961.58	-0.6474167
1961.67	-0.969
1961.75	-0.6770417
1961.83	-0.2874167
1961.92	-0.08941668
1962.00	-0.2354583
1962.08	-0.08366667
1962.17	-0.4315417
1962.25	-0.6563751
1962.33	-0.4654167
1962.42	-0.2419167
1962.50	-0.1547083
1962.58	-0.07833333
1962.67	-0.4087084
1962.75	-0.4275417
1962.83	-0.6003751
1962.92	-0.7388334
1963.00	-0.4727083
1963.08	-0.3284583
1963.17	0.05979167
1963.25	0.2882083
1963.33	0.4530834
1963.42	0.5908334
1963.50	0.9572917
1963.58	1.027917
1963.67	0.9019167
1963.75	1.025583
1963.83	0.8132917
1963.92	1.148458
1964.00	0.5010417
1964.08	0.1721667
1964.17	-0.3676667
1964.25	-0.65725
1964.33	-1.065667
1964.42	-1.141208
1964.50	-0.8432084
1964.58	-1.017333
1964.67	-0.8000417
1964.75	-0.6323751
1964.83	-0.817625
1964.92	-1.11775
1965.00	-0.6389583
1965.08	-0.1990833
1965.17	-0.1632083
1965.25	0.2124167
1965.33	0.9646251
1965.42	0.92475
1965.50	1.028125
1965.58	1.262
1965.67	1.471042
1965.75	1.46025
1965.83	1.617833
1965.92	1.512708
1966.00	1.333667
1966.08	0.7800834
1966.17	0.2234583
1966.25	0.2398333
1966.33	-0.4439167
1966.42	0.02541667
1966.50	0.2542084
1966.58	-0.1462917
1966.67	-0.250125
1966.75	-0.1090417
1966.83	-0.3313333
1966.92	-0.4881667
1967.00	-0.2909583
1967.08	-0.09541667
1967.17	-0.2873333
1967.25	-0.5887083
1967.33	-0.2104583
1967.42	0.1040417
1967.50	-0.2443333
1967.58	-0.7592917
1967.67	-0.9951667
1967.75	-0.9199584
1967.83	-0.9175
1967.92	-0.871125
1968.00	-1.018083
1968.08	-1.241583
1968.17	-1.086333
1968.25	-0.6218334
1968.33	-0.5748334
1968.42	0.09333333
1968.50	0.5954584
1968.58	0.4332917
1968.67	0.3615417
1968.75	0.30025
1968.83	0.56225
1968.92	0.6919167
1969.00	0.9538751
1969.08	0.5150834
1969.17	0.52825
1969.25	0.5159167
1969.33	1.1275
1969.42	0.9589584
1969.50	0.4381667
1969.58	0.5562917
1969.67	1.054083
1969.75	1.008292
1969.83	1.065292
1969.92	1.118542
1970.00	1.108375
1970.08	0.6450834
1970.17	0.3089584
1970.25	0.245375
1970.33	-0.2194583
1970.42	-0.7600001
1970.50	-1.693625
1970.58	-1.713375
1970.67	-1.241958
1970.75	-1.112875
1970.83	-1.270458
1970.92	-1.647375
1971.00	-1.5305
1971.08	-1.316417
1971.17	-1.174458
1971.25	-0.46425
1971.33	-0.6747917
1971.42	-0.5715
1971.50	-0.373
1971.58	-0.6012917
1971.67	-0.5732501
1971.75	-0.782625
1971.83	-0.8493333
1971.92	-0.9325417
1972.00	-0.33425
1972.08	-0.1992917
1972.17	-0.02645834
1972.25	0.4203334
1972.33	0.8338751
1972.42	1.061708
1972.50	1.456083
1972.58	1.941125
1972.67	1.839542
1972.75	2.044333
1972.83	2.290125
1972.92	2.321167
1973.00	1.636292
1973.08	1.2655
1973.17	0.785625
1973.25	0.1032083
1973.33	-0.8864584
1973.42	-0.9628751
1973.50	-1.038542
1973.58	-1.399625
1973.67	-1.241917
1973.75	-1.424875
1973.83	-1.562292
1973.92	-1.525208
1974.00	-1.394792
1974.08	-1.156375
1974.17	-0.441875
1974.25	-0.2852083
1974.33	0.1253333
1974.42	0.2641667
1974.50	-0.09070834
1974.58	0.07829167
1974.67	-0.2987083
1974.75	-0.2244584
1974.83	-0.55025
1974.92	-0.4072917
1975.00	-0.1984583
1975.08	-0.3962917
1975.17	-0.4005
1975.25	-0.043125
1975.33	-0.4488333
1975.42	-0.8572917
1975.50	-0.8129584
1975.58	-0.5033751
1975.67	-0.8416667
1975.75	-1.100583
1975.83	-1.127542
1975.92	-1.465
1976.00	-1.739667
1976.08	-1.0405
1976.17	-0.2500834
1976.25	-0.05166667
1976.33	0.1636667
1976.42	0.7459584
1976.50	0.6729584
1976.58	1.182292
1976.67	1.214958
1976.75	1.315208
1976.83	1.123917
1976.92	1.025167
1977.00	1.211042
1977.08	0.6994584
1977.17	0.583625
1977.25	-0.2445417
1977.33	0.309875
1977.42	0.32825
1977.50	0.09066667
1977.58	-0.3710417
1977.67	-0.0545
1977.75	0.39225
1977.83	0.6213334
1977.92	0.4562083
1978.00	0.5896667
1978.08	0.2877083
1978.17	0.050125
1978.25	-0.4830834
1978.33	-0.2818334
1978.42	-0.65125
1978.50	-0.6697084
1978.58	-0.762125
1978.67	-0.5003334
1978.75	-0.32825
1978.83	-0.04479167
1978.92	0.2444167
1979.00	-0.1144167
1979.08	0.00575
1979.17	0.2442917
1979.25	0.4585834
1979.33	0.5518333
1979.42	0.4878334
1979.50	0.09858334
1979.58	0.515875
1979.67	1.07025
1979.75	0.5534167
1979.83	0.3419167
1979.92	0.5520417
1980.00	0.4616667
1980.08	0.2633334
1980.17	0.1430833
1980.25	0.294375
1980.33	0.390875
1980.42	0.5747917
1980.50	0.012125
1980.58	-0.078
1980.67	-0.1484583
1980.75	-0.3381667
1980.83	0.1805
1980.92	0.4969167
1981.00	-0.5247083
1981.08	-0.6013334
1981.17	-0.2345833
1981.25	-0.5125417
1981.33	-0.03495834
1981.42	0.008333335
1981.50	-0.3842917
1981.58	-0.6066667
1981.67	-0.078625
1981.75	0.05504167
1981.83	-0.2192791
1981.92	0.1892669
1982.00	0.4870127
1982.08	0.1816481
1982.17	0.05581706
1982.25	0.4729681
1982.33	1.071667
1982.42	1.189306
1982.50	0.8578774
1982.58	1.258221
1982.67	1.860999
1982.75	2.3184
1982.83	2.718598
1982.92	3.363827
1983.00	3.37324
1983.08	2.733353
1983.17	2.178246
1983.25	1.928413
1983.33	2.283393
1983.42	1.96053
1983.50	1.27588
1983.58	1.132818
1983.67	0.7717636
1983.75	0.1209264
1983.83	-0.3571605
1983.92	-0.2658243
1984.00	-0.4793253
1984.08	-0.05863911
1984.17	0.1053973
1984.25	0.07183381
1984.33	-0.1986597
1984.42	-0.7085969
1984.50	-0.5180637
1984.58	-0.3228629
1984.67	-0.1253941
1984.75	-0.5109966
1984.83	-0.5828586
1984.92	-1.036109
1985.00	-0.8458371
1985.08	-0.8867411
1985.17	-0.7210725
1985.25	-0.5681787
1985.33	-0.4843563
1985.42	-0.6043513
1985.50	-0.7392242
1985.58	-0.4996447
1985.67	-0.3989283
1985.75	-0.4584454
1985.83	-0.4271957
1985.92	-0.5075276
1986.00	-0.6346668
1986.08	-0.3249319
1986.17	-0.1093124
1986.25	-0.04841417
1986.33	0.004963797
1986.42	0.07793231
1986.50	0.1773651
1986.58	0.2053755
1986.67	0.7186984
1986.75	0.9013857
1986.83	1.165062
1986.92	1.026898
1987.00	1.235457
1987.08	1.187607
1987.17	1.301926
1987.25	1.294919
1987.33	1.405673
1987.42	1.388945
1987.50	1.523637
1987.58	1.653842
1987.67	1.958266
1987.75	1.588832
1987.83	1.403412
1987.92	1.320229
1988.00	0.7687946
1988.08	0.4148731
1988.17	0.2478773
1988.25	-0.2698154
1988.33	-1.057158
1988.42	-1.538973
1988.50	-1.687551
1988.58	-1.429175
1988.67	-0.8528308
1988.75	-1.32105
1988.83	-1.562348
1988.92	-1.626626
1989.00	-1.285097
1989.08	-0.7039106
1989.17	-0.8281998
1989.25	-0.4641925
1989.33	-0.2483189
1989.42	-0.1370418
1989.50	-0.2109054
1989.58	-0.3159319
1989.67	-0.1391509
1989.75	-0.1411644
1989.83	-0.1405723
1989.92	-0.1664451
1990.00	-0.1060742
1990.08	0.1832923
1990.17	0.06961577
1990.25	0.3849999
1990.33	0.5657528
1990.42	0.2106992
1990.50	-0.02365484
1990.58	0.2243111
1990.67	0.2952966
1990.75	0.2000538
1990.83	0.1311086
1990.92	0.2559903
1991.00	0.2694498
1991.08	0.1249639
1991.17	0.1075245
1991.25	0.2465065
1991.33	0.8586561
1991.42	1.081044
1991.50	1.087067
1991.58	0.7616611
1991.67	0.5624858
1991.75	0.9871036
1991.83	1.264541
1991.92	1.652729
1992.00	1.567671
1992.08	1.448652
1992.17	1.357022
1992.25	1.552384
1992.33	1.693643
1992.42	0.7056187
1992.50	0.2348346
1992.58	-0.02962532
1992.67	0.05389048
1992.75	0.02036043
1992.83	0.09186047
1992.92	0.07739563
1993.00	0.142204
1993.08	0.4728059
1993.17	0.59709
1993.25	1.126448
1993.33	1.335078
1993.42	0.8483111
1993.50	0.3735294
1993.58	0.2318041
1993.67	0.5244814
1993.75	0.5863422
1993.83	0.4903907
1993.92	0.4735895
1994.00	0.3035384
1994.08	-0.07476455
1994.17	0.005236879
1994.25	-0.049832
1994.33	0.3392357
1994.42	0.3520943
1994.50	-0.1918227
1994.58	-0.09401047
1994.67	0.3148815
1994.75	0.8847312
1994.83	1.127853
1994.92	1.163093
1995.00	0.9692747
1995.08	0.6716681
1995.17	0.2564668
1995.25	0.04636246
1995.33	-0.09053757
1995.42	0.1058094
1995.50	-0.015903
1995.58	-0.3662512
1995.67	-0.3707674
1995.75	-0.5885706
1995.83	-0.615575
1995.92	-0.6782694
1996.00	-0.5436825
1996.08	-0.4961572
1996.17	-0.1810227
1996.25	-0.4277782
1996.33	-0.3383714
1996.42	-0.2783068
1996.50	-0.1692512
1996.58	-0.1828866
1996.67	-0.1320677
1996.75	-0.1940699
1996.83	-0.2433063
1996.92	-0.5664774
1997.00	-0.6353493
1997.08	-0.4531983
1997.17	0.0208337
1997.25	0.4987308
1997.33	1.33673
1997.42	1.795883
1997.50	2.311443
1997.58	2.83583
1997.67	3.102611
1997.75	3.33035
1997.83	3.583895
1997.92	3.678667
1998.00	3.442826
1998.08	2.748734
1998.17	2.209224
1998.25	1.87169
1998.33	1.552245
1998.42	0.1553141
1998.50	-0.04484549
1998.58	0.06585809
1998.67	-0.1373144
1998.75	-0.4312032
1998.83	-0.468196
1998.92	-0.8018216
1999.00	-0.8765103
1999.08	-0.5616086
1999.17	-0.1913273
1999.25	-0.4840641
1999.33	-0.1590808
1999.42	-0.5100415
1999.50	-0.6266689
1999.58	-0.7496135
1999.67	-0.7674469
1999.75	-0.8359653
1999.83	-1.141211
1999.92	-1.246154
2000.00	-1.439994
2000.08	-0.9148352
2000.17	-0.4535573
2000.25	0.06752301
2000.33	0.02400041
2000.42	-0.4325781
2000.50	-0.5421003
2000.58	-0.5089162
2000.67	-0.228833
2000.75	-0.2607074
2000.83	-0.5393755
2000.92	-0.3606667
2001.00	-0.3978027
2001.08	-0.2066262
2001.17	0.2654236
2001.25	0.3391952
2001.33	0.1909998
2001.42	0.1580426
2001.50	-0.04705745
2001.58	-0.1365134
2001.67	-0.2515336
2001.75	-0.2657327
2001.83	-0.4225749
2001.92	-0.2814032
2002.00	-0.2691224
2002.08	0.001270029
2002.17	0.2338978
2002.25	0.3870291
2002.33	0.6084005
2002.42	0.8601374
2002.50	0.5751395
2002.58	0.5912554
2002.67	0.9112439
2002.75	1.163076
2002.83	1.528391
2002.92	1.498832
2003.00	0.936814
2003.08	0.5378047
2003.17	0.3881875
2003.25	0.02793373
2003.33	-0.388851
2003.42	-0.2685696
2003.50	0.1682665
2003.58	0.2384973
2003.67	0.4114488
2003.75	0.5927562
2003.83	0.6641306
2003.92	0.6043244
2004.00	0.5275356
2004.08	0.3042323
2004.17	0.2535216
2004.25	0.2443099
2004.33	0.1838513
2004.42	0.1574903
2004.50	-0.07985735
2004.58	0.1202794
2004.67	0.4905109
2004.75	0.5794514
2004.83	0.7340098
2004.92	0.8187876
2005.00	0.4943213
2005.08	0.05361553
2005.17	0.1809523
2005.25	0.5465267
2005.33	0.7559189
2005.42	0.5690784
2005.50	0.3687911
2005.58	0.3021456
2005.67	0.04658347
2005.75	-0.02417158
2005.83	-0.4440737
2005.92	-0.5401507
2006.00	-0.4323294
2006.08	-0.1290998
2006.17	-0.2927298
2006.25	-0.006802124
2006.33	0.341274
2006.42	0.197511
2006.50	0.1972864
2006.58	0.5411918
2006.67	1.121741
2006.75	1.181401
2006.83	1.233485
2006.92	1.394282
2007.00	1.045895
2007.08	0.3120748
2007.17	-0.06291842
2007.25	0.02456995
2007.33	-0.2375952
2007.42	-0.2957931
2007.50	-0.603093
2007.58	-0.8195089
2007.67	-0.8845417
2007.75	-1.170545
2007.83	-1.417636
2007.92	-1.207214
2008.00	-1.282761
2008.08	-1.11314
2008.17	-0.4176643
2008.25	-0.1746837
2008.33	0.2818643
2008.42	0.2817906
2008.50	0.4888394
2008.58	0.6881637
2008.67	0.533961
2008.75	0.1673144
2008.83	-0.001258029
2008.92	-0.2908527
2009.00	-0.3543239
2009.08	-0.2998868
2009.17	-0.3667964
2009.25	0.2179653
2009.33	0.7533547
2009.42	0.9693234
2009.50	1.005397
2009.58	1.013617
2009.67	1.015934
2009.75	1.05715
2009.83	1.433257
2009.92	1.684014
2010.00	1.221128
2010.08	0.9697841
2010.17	0.7609129
2010.25	0.8623552
2010.33	0.3493076
2010.42	-0.4141847
2010.50	-1.008234
2010.58	-1.030093
2010.67	-0.9867638
2010.75	-1.295712
2010.83	-1.211379
2010.92	-1.329089
2011.00	-1.151925
2011.08	-0.7218041
2011.17	-0.5998301
2011.25	-0.114945
2011.33	0.2417084
2011.42	0.2782895
2011.50	0.09361091
2011.58	-0.2577994
2011.67	-0.3343024
2011.75	-0.6178885
2011.83	-0.7664376
2011.92	-0.625603
2012.00	-0.5568826
2012.08	-0.02778487
2012.17	0.005738131
2012.25	0.3832551
2012.33	0.4672968
2012.42	0.7656279
2012.50	0.889765
2012.58	0.8452708
2012.67	0.7032477
2012.75	0.3476819
2012.83	0.4204815
2012.92	0.07915325
2013.00	-0.2655702
2013.08	-0.2219096
2013.17	0.2553197
2013.25	0.1753867
2013.33	-0.2413021
2013.42	-0.4583778
2013.50	-0.5815473
2013.58	-0.4276348
2013.67	0.1069792
2013.75	0.04680936
2013.83	0.08571067
2013.92	0.2372078
2014.00	-0.121297
2014.08	-0.5078074
2014.17	0.04366606
2014.25	0.4485784
2014.33	0.933558
2014.42	0.9765801
2014.50	0.6477646
2014.58	0.5589657
