1953.083333	73.083333
1953.166667	73.166667
1953.25	73.25
1953.333333	73.333333
1953.416667	73.416667
1953.5	73.5
1953.583333	73.583333
1953.666667	73.666667
1953.75	73.75
1953.833333	73.833333
1953.916667	73.916667
1954	74
1954.083333	74.083333
1954.166667	74.166667
1954.25	74.25
1954.333333	74.333333
1954.416667	74.416667
1954.5	74.5
1954.583333	74.583333
1954.666667	74.666667
1954.75	74.75
1954.833333	74.833333
1954.916667	74.916667
1955	75
1955.083333	75.083333
1955.166667	75.166667
1955.25	75.25
1955.333333	75.333333
1955.416667	75.416667
1955.5	75.5
1955.583333	75.583333
1955.666667	75.666667
1955.75	75.75
1955.833333	75.833333
1955.916667	75.916667
1956	76
1956.083333	76.083333
1956.166667	76.166667
1956.25	76.25
1956.333333	76.333333
1956.416667	76.416667
1956.5	76.5
1956.583333	76.583333
1956.666667	76.666667
1956.75	76.75
1956.833333	76.833333
1956.916667	76.916667
1957	77
1957.083333	77.083333
1957.166667	77.166667
1957.25	77.25
1957.333333	77.333333
1957.416667	77.416667
1957.5	77.5
1957.583333	77.583333
1957.666667	77.666667
1957.75	77.75
1957.833333	77.833333
1957.916667	77.916667
1958	78
1958.083333	78.083333
1958.166667	78.166667
1958.25	78.25
1958.333333	78.333333
1958.416667	78.416667
1958.5	78.5
1958.583333	78.583333
1958.666667	78.666667
1958.75	78.75
1958.833333	78.833333
1958.916667	78.916667
1959	79
1959.083333	79.083333
1959.166667	79.166667
1959.25	79.25
1959.333333	79.333333
1959.416667	79.416667
1959.5	79.5
1959.583333	79.583333
1959.666667	79.666667
1959.75	79.75
1959.833333	79.833333
1959.916667	79.916667
1960	80
1960.083333	80.083333
1960.166667	80.166667
1960.25	80.25
1960.333333	80.333333
1960.416667	80.416667
1960.5	80.5
1960.583333	80.583333
1960.666667	80.666667
1960.75	80.75
1960.833333	80.833333
1960.916667	80.916667
1961	81
1961.083333	81.083333
1961.166667	81.166667
1961.25	81.25
1961.333333	81.333333
1961.416667	81.416667
1961.5	81.5
1961.583333	81.583333
1961.666667	81.666667
1961.75	81.75
1961.833333	81.833333
1961.916667	81.916667
1962	82
1962.083333	82.083333
1962.166667	82.166667
1962.25	82.25
1962.333333	82.333333
1962.416667	82.416667
1962.5	82.5
1962.583333	82.583333
1962.666667	82.666667
1962.75	82.75
1962.833333	82.833333
1962.916667	82.916667
1963	83
1963.083333	83.083333
1963.166667	83.166667
1963.25	83.25
1963.333333	83.333333
1963.416667	83.416667
1963.5	83.5
1963.583333	83.583333
1963.666667	83.666667
1963.75	83.75
1963.833333	83.833333
1963.916667	83.916667
1964	84
1964.083333	84.083333
1964.166667	84.166667
1964.25	84.25
1964.333333	84.333333
1964.416667	84.416667
1964.5	84.5
1964.583333	84.583333
1964.666667	84.666667
1964.75	84.75
1964.833333	84.833333
1964.916667	84.916667
1965	85
1965.083333	85.083333
1965.166667	85.166667
1965.25	85.25
1965.333333	85.333333
1965.416667	85.416667
1965.5	85.5
1965.583333	85.583333
1965.666667	85.666667
1965.75	85.75
1965.833333	85.833333
1965.916667	85.916667
1966	86
1966.083333	86.083333
1966.166667	86.166667
1966.25	86.25
1966.333333	86.333333
1966.416667	86.416667
1966.5	86.5
1966.583333	86.583333
1966.666667	86.666667
1966.75	86.75
1966.833333	86.833333
1966.916667	86.916667
1967	87
1967.083333	87.083333
1967.166667	87.166667
1967.25	87.25
1967.333333	87.333333
1967.416667	87.416667
1967.5	87.5
1967.583333	87.583333
1967.666667	87.666667
1967.75	87.75
1967.833333	87.833333
1967.916667	87.916667
1968	88
1968.083333	88.083333
1968.166667	88.166667
1968.25	88.25
1968.333333	88.333333
1968.416667	88.416667
1968.5	88.5
1968.583333	88.583333
1968.666667	88.666667
1968.75	88.75
1968.833333	88.833333
1968.916667	88.916667
1969	89
1969.083333	89.083333
1969.166667	89.166667
1969.25	89.25
1969.333333	89.333333
1969.416667	89.416667
1969.5	89.5
1969.583333	89.583333
1969.666667	89.666667
1969.75	89.75
1969.833333	89.833333
1969.916667	89.916667
1970	90
1970.083333	90.083333
1970.166667	90.166667
1970.25	90.25
1970.333333	90.333333
1970.416667	90.416667
1970.5	90.5
1970.583333	90.583333
1970.666667	90.666667
1970.75	90.75
1970.833333	90.833333
1970.916667	90.916667
1971	91
1971.083333	91.083333
1971.166667	91.166667
1971.25	91.25
1971.333333	91.333333
1971.416667	91.416667
1971.5	91.5
1971.583333	91.583333
1971.666667	91.666667
1971.75	91.75
1971.833333	91.833333
1971.916667	91.916667
1972	92
1972.083333	92.083333
1972.166667	92.166667
1972.25	92.25
1972.333333	92.333333
1972.416667	92.416667
1972.5	92.5
1972.583333	92.583333
1972.666667	92.666667
1972.75	92.75
1972.833333	92.833333
1972.916667	92.916667
1973	93
1973.083333	93.083333
1973.166667	93.166667
1973.25	93.25
1973.333333	93.333333
1973.416667	93.416667
1973.5	93.5
1973.583333	93.583333
1973.666667	93.666667
1973.75	93.75
1973.833333	93.833333
1973.916667	93.916667
1974	94
1974.083333	94.083333
1974.166667	94.166667
1974.25	94.25
1974.333333	94.333333
1974.416667	94.416667
1974.5	94.5
1974.583333	94.583333
1974.666667	94.666667
1974.75	94.75
1974.833333	94.833333
1974.916667	94.916667
1975	95
1975.083333	95.083333
1975.166667	95.166667
1975.25	95.25
1975.333333	95.333333
1975.416667	95.416667
1975.5	95.5
1975.583333	95.583333
1975.666667	95.666667
1975.75	95.75
1975.833333	95.833333
1975.916667	95.916667
1976	96
1976.083333	96.083333
1976.166667	96.166667
1976.25	96.25
1976.333333	96.333333
1976.416667	96.416667
1976.5	96.5
1976.583333	96.583333
1976.666667	96.666667
1976.75	96.75
1976.833333	96.833333
1976.916667	96.916667
1977	97
1977.083333	97.083333
1977.166667	97.166667
1977.25	97.25
1977.333333	97.333333
1977.416667	97.416667
1977.5	97.5
1977.583333	97.583333
1977.666667	97.666667
1977.75	97.75
1977.833333	97.833333
1977.916667	97.916667
1978	98
1978.083333	98.083333
1978.166667	98.166667
1978.25	98.25
1978.333333	98.333333
1978.416667	98.416667
1978.5	98.5
1978.583333	98.583333
1978.666667	98.666667
1978.75	98.75
1978.833333	98.833333
1978.916667	98.916667
1979	99
1979.083333	99.083333
1979.166667	99.166667
1979.25	99.25
1979.333333	99.333333
1979.416667	99.416667
1979.5	99.5
1979.583333	99.583333
1979.666667	99.666667
1979.75	99.75
1979.833333	99.833333
1979.916667	99.916667
1980	100
1980.083333	100.083333
1980.166667	100.166667
1980.25	100.25
1980.333333	100.333333
1980.416667	100.416667
1980.5	100.5
1980.583333	100.583333
1980.666667	100.666667
1980.75	100.75
1980.833333	100.833333
1980.916667	100.916667
1981	101
1981.083333	101.083333
1981.166667	101.166667
1981.25	101.25
1981.333333	101.333333
1981.416667	101.416667
1981.5	101.5
1981.583333	101.583333
1981.666667	101.666667
1981.75	101.75
1981.833333	101.833333
1981.916667	101.916667
1982	102
1982.083333	102.083333
1982.166667	102.166667
1982.25	102.25
1982.333333	102.333333
1982.416667	102.416667
1982.5	102.5
1982.583333	102.583333
1982.666667	102.666667
1982.75	102.75
1982.833333	102.833333
1982.916667	102.916667
1983	103
1983.083333	103.083333
1983.166667	103.166667
1983.25	103.25
1983.333333	103.333333
1983.416667	103.416667
1983.5	103.5
1983.583333	103.583333
1983.666667	103.666667
1983.75	103.75
1983.833333	103.833333
1983.916667	103.916667
1984	104
1984.083333	104.083333
1984.166667	104.166667
1984.25	104.25
1984.333333	104.333333
1984.416667	104.416667
1984.5	104.5
1984.583333	104.583333
1984.666667	104.666667
1984.75	104.75
1984.833333	104.833333
1984.916667	104.916667
1985	105
1985.083333	105.083333
1985.166667	105.166667
1985.25	105.25
1985.333333	105.333333
1985.416667	105.416667
1985.5	105.5
1985.583333	105.583333
1985.666667	105.666667
1985.75	105.75
1985.833333	105.833333
1985.916667	105.916667
1986	106
1986.083333	106.083333
1986.166667	106.166667
1986.25	106.25
1986.333333	106.333333
1986.416667	106.416667
1986.5	106.5
1986.583333	106.583333
1986.666667	106.666667
1986.75	106.75
1986.833333	106.833333
1986.916667	106.916667
1987	107
1987.083333	107.083333
1987.166667	107.166667
1987.25	107.25
1987.333333	107.333333
1987.416667	107.416667
1987.5	107.5
1987.583333	107.583333
1987.666667	107.666667
1987.75	107.75
1987.833333	107.833333
1987.916667	107.916667
1988	108
1988.083333	108.083333
1988.166667	108.166667
1988.25	108.25
1988.333333	108.333333
1988.416667	108.416667
1988.5	108.5
1988.583333	108.583333
1988.666667	108.666667
1988.75	108.75
1988.833333	108.833333
1988.916667	108.916667
1989	109
1989.083333	109.083333
1989.166667	109.166667
1989.25	109.25
1989.333333	109.333333
1989.416667	109.416667
1989.5	109.5
1989.583333	109.583333
1989.666667	109.666667
1989.75	109.75
1989.833333	109.833333
1989.916667	109.916667
1990	110
1990.083333	110.083333
1990.166667	110.166667
1990.25	110.25
1990.333333	110.333333
1990.416667	110.416667
1990.5	110.5
1990.583333	110.583333
1990.666667	110.666667
1990.75	110.75
1990.833333	110.833333
1990.916667	110.916667
1991	111
1991.083333	111.083333
1991.166667	111.166667
1991.25	111.25
1991.333333	111.333333
1991.416667	111.416667
1991.5	111.5
1991.583333	111.583333
1991.666667	111.666667
1991.75	111.75
1991.833333	111.833333
1991.916667	111.916667
1992	112
1992.083333	112.083333
1992.166667	112.166667
1992.25	112.25
1992.333333	112.333333
1992.416667	112.416667
1992.5	112.5
1992.583333	112.583333
1992.666667	112.666667
1992.75	112.75
1992.833333	112.833333
1992.916667	112.916667
1993	113
1993.083333	113.083333
1993.166667	113.166667
1993.25	113.25
1993.333333	113.333333
1993.416667	113.416667
1993.5	113.5
1993.583333	113.583333
1993.666667	113.666667
1993.75	113.75
1993.833333	113.833333
1993.916667	113.916667
1994	114
1994.083333	114.083333
1994.166667	114.166667
1994.25	114.25
1994.333333	114.333333
1994.416667	114.416667
1994.5	114.5
1994.583333	114.583333
1994.666667	114.666667
1994.75	114.75
1994.833333	114.833333
1994.916667	114.916667
1995	115
1995.083333	115.083333
1995.166667	115.166667
1995.25	115.25
1995.333333	115.333333
1995.416667	115.416667
1995.5	115.5
1995.583333	115.583333
1995.666667	115.666667
1995.75	115.75
1995.833333	115.833333
1995.916667	115.916667
1996	116
1996.083333	116.083333
1996.166667	116.166667
1996.25	116.25
1996.333333	116.333333
1996.416667	116.416667
1996.5	116.5
1996.583333	116.583333
1996.666667	116.666667
1996.75	116.75
1996.833333	116.833333
1996.916667	116.916667
1997	117
1997.083333	117.083333
1997.166667	117.166667
1997.25	117.25
1997.333333	117.333333
1997.416667	117.416667
1997.5	117.5
1997.583333	117.583333
1997.666667	117.666667
1997.75	117.75
1997.833333	117.833333
1997.916667	117.916667
1998	118
1998.083333	118.083333
1998.166667	118.166667
1998.25	118.25
1998.333333	118.333333
1998.416667	118.416667
1998.5	118.5
1998.583333	118.583333
1998.666667	118.666667
1998.75	118.75
1998.833333	118.833333
1998.916667	118.916667
1999	119
1999.083333	119.083333
1999.166667	119.166667
1999.25	119.25
1999.333333	119.333333
1999.416667	119.416667
1999.5	119.5
1999.583333	119.583333
1999.666667	119.666667
1999.75	119.75
1999.833333	119.833333
1999.916667	119.916667
2000	120
2000.083333	120.083333
2000.166667	120.166667
2000.25	120.25
2000.333333	120.333333
2000.416667	120.416667
2000.5	120.5
2000.583333	120.583333
2000.666667	120.666667
2000.75	120.75
2000.833333	120.833333
2000.916667	120.916667
2001	121
2001.083333	121.083333
2001.166667	121.166667
2001.25	121.25
2001.333333	121.333333
2001.416667	121.416667
2001.5	121.5
2001.583333	121.583333
2001.666667	121.666667
2001.75	121.75
2001.833333	121.833333
2001.916667	121.916667
2002	122
2002.083333	122.083333
2002.166667	122.166667
2002.25	122.25
2002.333333	122.333333
2002.416667	122.416667
2002.5	122.5
2002.583333	122.583333
2002.666667	122.666667
2002.75	122.75
2002.833333	122.833333
2002.916667	122.916667
2003	123
2003.083333	123.083333
2003.166667	123.166667
2003.25	123.25
2003.333333	123.333333
2003.416667	123.416667
2003.5	123.5
2003.583333	123.583333
2003.666667	123.666667
2003.75	123.75
2003.833333	123.833333
2003.916667	123.916667
2004	124
2004.083333	124.083333
2004.166667	124.166667
2004.25	124.25
2004.333333	124.333333
2004.416667	124.416667
2004.5	124.5
2004.583333	124.583333
2004.666667	124.666667
2004.75	124.75
2004.833333	124.833333
2004.916667	124.916667
2005	125
2005.083333	125.083333
2005.166667	125.166667
2005.25	125.25
2005.333333	125.333333
2005.416667	125.416667
2005.5	125.5
2005.583333	125.583333
2005.666667	125.666667
2005.75	125.75
2005.833333	125.833333
2005.916667	125.916667
2006	126
2006.083333	126.083333
2006.166667	126.166667
2006.25	126.25
2006.333333	126.333333
2006.416667	126.416667
2006.5	126.5
2006.583333	126.583333
2006.666667	126.666667
2006.75	126.75
2006.833333	126.833333
2006.916667	126.916667
2007	127
2007.083333	127.083333
2007.166667	127.166667
2007.25	127.25
2007.333333	127.333333
2007.416667	127.416667
2007.5	127.5
2007.583333	127.583333
2007.666667	127.666667
2007.75	127.75
2007.833333	127.833333
2007.916667	127.916667
2008	128
2008.083333	128.083333
2008.166667	128.166667
2008.25	128.25
2008.333333	128.333333
2008.416667	128.416667
2008.5	128.5
2008.583333	128.583333
2008.666667	128.666667
2008.75	128.75
2008.833333	128.833333
2008.916667	128.916667
2009	129
2009.083333	129.083333
2009.166667	129.166667
2009.25	129.25
2009.333333	129.333333
2009.416667	129.416667
2009.5	129.5
2009.583333	129.583333
2009.666667	129.666667
2009.75	129.75
2009.833333	129.833333
2009.916667	129.916667
2010	130
2010.083333	130.083333
2010.166667	130.166667
2010.25	130.25
2010.333333	130.333333
2010.416667	130.416667
2010.5	130.5
2010.583333	130.583333
2010.666667	130.666667
2010.75	130.75
2010.833333	130.833333
2010.916667	130.916667
2011	131
2011.083333	131.083333
2011.166667	131.166667
2011.25	131.25
2011.333333	131.333333
2011.416667	131.416667
2011.5	131.5
2011.583333	131.583333
2011.666667	131.666667
2011.75	131.75
2011.833333	131.833333
2011.916667	131.916667
2012	132
2012.083333	132.083333
2012.166667	132.166667
2012.25	132.25
2012.333333	132.333333
2012.416667	132.416667
2012.5	132.5
2012.583333	132.583333
2012.666667	132.666667
2012.75	132.75
2012.833333	132.833333
2012.916667	132.916667
2013	133
2013.083333	133.083333
2013.166667	133.166667
2013.25	133.25
2013.333333	133.333333
2013.416667	133.416667
2013.5	133.5
2013.583333	133.583333
2013.666667	133.666667
2013.75	133.75
2013.833333	133.833333
2013.916667	133.916667
2014	134
2014.083333	134.083333
2014.166667	134.166667
2014.25	134.25
2014.333333	134.333333
