1953.083333	150
1953.166667	180
1953.25	175
1953.333333	170
1953.416667	185
1953.5	165
1953.583333	0
1953.666667	110
1953.75	5
1953.833333	10
1953.916667	135
1954	160
1954.083333	0
1954.166667	-160
1954.25	-200
1954.333333	-220
1954.416667	-235
1954.5	-230
1954.583333	-245
1954.666667	-250
1954.75	-185
1954.833333	-100
1954.916667	60
1955	75
1955.083333	105
1955.166667	108
1955.25	105
1955.333333	145
1955.416667	190
1955.5	185
1955.583333	160
1955.666667	155
1955.75	150
1955.833333	130
1955.916667	-20
1956	-130
1956.083333	-152
1956.166667	-170
1956.25	-195
1956.333333	-251
1956.416667	-230
1956.5	-230
1956.583333	-235
1956.666667	-245
1956.75	-220
1956.833333	-100
1956.916667	90
1957	100
1957.083333	87
1957.166667	50
1957.25	73
1957.333333	115
1957.416667	110
1957.5	65
1957.583333	147
1957.666667	160
1957.75	180
1957.833333	100
1957.916667	117
1958	110
1958.083333	60
1958.166667	-96
1958.25	37
1958.333333	-63
1958.416667	-197
1958.5	-232
1958.583333	-233
1958.666667	-257
1958.75	-277
1958.833333	-301
1958.916667	-337
1959	-330
1959.083333	-153
1959.166667	-70
1959.25	-255
1959.333333	-217
1959.416667	-60
1959.5	179
1959.583333	207
1959.666667	193
1959.75	190
1959.833333	110
1959.916667	83
1960	40
1960.083333	-2
1960.166667	-51
1960.25	-46
1960.333333	-124
1960.416667	-182
1960.5	-252
1960.583333	-260
1960.666667	-256
1960.75	-255
1960.833333	-249
1960.916667	-208
1961	-155
1961.083333	-13
1961.166667	29
1961.25	38
1961.333333	114
1961.416667	142
1961.5	181
1961.583333	140
1961.666667	126
1961.75	89
1961.833333	98
1961.916667	125
1962	69
1962.083333	-155
1962.166667	-140
1962.25	-172
1962.333333	-260
1962.416667	-275
1962.5	-298
1962.583333	-286
1962.666667	-292
1962.75	-300
1962.833333	-304
1962.916667	-328
1963	-309
1963.083333	-316
1963.166667	-372
1963.25	-375
1963.333333	-318
1963.416667	-145
1963.5	67
1963.583333	146
1963.666667	143
1963.75	127
1963.833333	103
1963.916667	55
1964	25
1964.083333	35
1964.166667	20
1964.25	54
1964.333333	64
1964.416667	68
1964.5	61
1964.583333	27
1964.666667	37
1964.75	20
1964.833333	32
1964.916667	15
1965	19
1965.083333	-278
1965.166667	-273
1965.25	-285
1965.333333	-329
1965.416667	-302
1965.5	-307
1965.583333	-320
1965.666667	-321
1965.75	-370
1965.833333	-357
1965.916667	-264
1966	-155
1966.083333	8
1966.166667	62
1966.25	78
1966.333333	130
1966.416667	153
1966.5	162
1966.583333	178
1966.666667	190
1966.75	182
1966.833333	160
1966.916667	144
1967	148
1967.083333	148
1967.166667	145
1967.25	105
1967.333333	101
1967.416667	53
1967.5	-60
1967.583333	-263
1967.666667	-150
1967.75	-323
1967.833333	-327
1967.916667	6
1968	-304
1968.083333	-305
1968.166667	9
1968.25	-323
1968.333333	-317
1968.416667	-299
1968.5	-312
1968.583333	-194
1968.666667	-3
1968.75	61
1968.833333	116
1968.916667	123
1969	146
1969.083333	144
1969.166667	120
1969.25	133
1969.333333	162
1969.416667	166
1969.5	207
1969.583333	161
1969.666667	147
1969.75	108
1969.833333	24
1969.916667	-63
1970	-126
1970.083333	-163
1970.166667	-231
1970.25	-249
1970.333333	-275
1970.416667	-280
1970.5	-303
1970.583333	-312
1970.666667	-317
1970.75	-310
1970.833333	-154
1970.916667	42
1971	164
1971.083333	172
1971.166667	139
1971.25	120
1971.333333	144
1971.416667	151
1971.5	159
1971.583333	196
1971.666667	159
1971.75	116
1971.833333	103
1971.916667	53
1972	31
1972.083333	-9
1972.166667	-31
1972.25	-127
1972.333333	-220
1972.416667	-246
1972.5	-261
1972.583333	-246
1972.666667	-250
1972.75	-273
1972.833333	-269
1972.916667	-284
1973	-172
1973.083333	58
1973.166667	117
1973.25	106
1973.333333	104
1973.416667	138
1973.5	132
1973.583333	103
1973.666667	98
1973.75	85
1973.833333	85
1973.916667	45
1974	10
1974.083333	-14
1974.166667	-29
1974.25	-31
1974.333333	-129
1974.416667	-225
1974.5	-267
1974.583333	-282
1974.666667	-304
1974.75	-298
1974.833333	-288
1974.916667	-292
1975	-300
1975.083333	-305
1975.166667	-240
1975.25	137
1975.333333	157
1975.416667	174
1975.5	198
1975.583333	179
1975.666667	148
1975.75	147
1975.833333	144
1975.916667	142
1976	132
1976.083333	106
1976.166667	126
1976.25	99
1976.333333	24
1976.416667	-167
1976.5	-226
1976.583333	-263
1976.666667	-267
1976.75	-261
1976.833333	-275
1976.916667	-306
1977	-303
1977.083333	-292
1977.166667	-283
1977.25	-284
1977.333333	-308
1977.416667	-204
1977.5	-23
1977.583333	75
1977.666667	113
1977.75	115
1977.833333	135
1977.916667	151
1978	176
1978.083333	185
1978.166667	169
1978.25	128
1978.333333	114
1978.416667	115
1978.5	100
1978.583333	-154
1978.666667	75
1978.75	93
1978.833333	55
1978.916667	48
1979	20
1979.083333	-266
1979.166667	65
1979.25	-75
1979.333333	-147
1979.416667	-236
1979.5	-256
1979.583333	-264
1979.666667	-270
1979.75	-274
1979.833333	-280
1979.916667	-271
1980	-155
1980.083333	27
1980.166667	34
1980.25	94
1980.333333	117
1980.416667	124
1980.5	153
1980.583333	159
1980.666667	151
1980.75	131
1980.833333	125
1980.916667	33
1981	111
1981.083333	101
1981.166667	91
1981.25	79
1981.333333	60
1981.416667	-136
1981.5	-241
1981.583333	-269
1981.666667	-278
1981.75	-281
1981.833333	-295
1981.916667	-289
1982	-302
1982.083333	-302
1982.166667	-310
1982.25	-335
1982.333333	-310
1982.416667	-264
1982.5	-283
1982.583333	-145
1982.666667	72
1982.75	119
1982.833333	137
1982.916667	127
1983	164
1983.083333	157
1983.166667	151
1983.25	134
1983.333333	128
1983.416667	108
1983.5	-60
1983.583333	-152
1983.666667	-315
1983.75	-315
1983.833333	-325
1983.916667	-333
1984	-331
1984.083333	-331
1984.166667	-332
1984.25	-320
1984.333333	-340
1984.416667	-341
1984.5	-347
1984.583333	-267
1984.666667	-144
1984.75	-5
1984.833333	76
1984.916667	125
1985	192
1985.083333	183
1985.166667	120
1985.25	169
1985.333333	192
1985.416667	196
1985.5	162
1985.583333	131
1985.666667	99
1985.75	76
1985.833333	7
1985.916667	-104
1986	-156
1986.083333	-69
1986.166667	-25
1986.25	-124
1986.333333	-255
1986.416667	-306
1986.5	-319
1986.583333	-317
1986.666667	-333
1986.75	-331
1986.833333	-330
1986.916667	-328
1987	-317
1987.083333	-326
1987.166667	-307
1987.25	-311
1987.333333	-328
1987.416667	-295
1987.5	-11
1987.583333	93
1987.666667	124
1987.75	145
1987.833333	133
1987.916667	124
1988	86
1988.083333	89
1988.166667	12
1988.25	-53
1988.333333	-150
1988.416667	-258
1988.5	-297
1988.583333	-322
1988.666667	-327
1988.75	-334
1988.833333	-321
1988.916667	-306
1989	-306
1989.083333	-328
1989.166667	-310
1989.25	-303
1989.333333	-323
1989.416667	-327
1989.5	-338
1989.583333	-363
1989.666667	-350
1989.75	-346
1989.833333	-235
1989.916667	-95
1990	127
1990.083333	131
1990.166667	146
1990.25	181
1990.333333	166
1990.416667	136
1990.5	172
1990.583333	118
1990.666667	134
1990.75	143
1990.833333	139
1990.916667	110
1991	25
1991.083333	7
1991.166667	44
1991.25	10
1991.333333	-182
1991.416667	-256
1991.5	-286
1991.583333	-293
1991.666667	-287
1991.75	-288
1991.833333	-269
1991.916667	-275
1992	-268
1992.083333	-289
1992.166667	-299
1992.25	-289
1992.333333	-250
1992.416667	-42
1992.5	66
1992.583333	79
1992.666667	153
1992.75	159
1992.833333	160
1992.916667	189
1993	189
1993.083333	178
1993.166667	208
1993.25	190
1993.333333	121
1993.416667	-52
1993.5	-226
1993.583333	-258
1993.666667	-280
1993.75	-316
1993.833333	-301
1993.916667	-311
1994	-300
1994.083333	-315
1994.166667	-315
1994.25	-319
1994.333333	-332
1994.416667	-336
1994.5	-349
1994.583333	-293
1994.666667	-48
1994.75	86
1994.833333	117
1994.916667	160
1995	190
1995.083333	174
1995.166667	112
1995.25	111
1995.333333	152
1995.416667	148
1995.5	102
1995.583333	16
1995.666667	-28
1995.75	-66
1995.833333	-134
1995.916667	-191
1996	-232
1996.083333	-261
1996.166667	-283
1996.25	-321
1996.333333	-328
1996.416667	-333
1996.5	-345
1996.583333	-353
1996.666667	-359
1996.75	-259
1996.833333	-42
1996.916667	41
1997	179
1997.083333	154
1997.166667	152
1997.25	171
1997.333333	180
1997.416667	170
1997.5	173
1997.583333	125
1997.666667	117
1997.75	114
1997.833333	32
1997.916667	-104
1998	-200
1998.083333	-235
1998.166667	-267
1998.25	-310
1998.333333	-303
1998.416667	-303
1998.5	-316
1998.583333	-324
1998.666667	-224
1998.75	-11
1998.833333	92
1998.916667	162
1999	209
1999.083333	153
1999.166667	199
1999.25	105
1999.333333	172
1999.416667	129
1999.5	121
1999.583333	70
1999.666667	65
1999.75	58
1999.833333	-22
1999.916667	-95
2000	-186
2000.083333	-232
2000.166667	-223
2000.25	-227
2000.333333	-304
2000.416667	-333
2000.5	-343
2000.583333	-363
2000.666667	-353
2000.75	-357
2000.833333	-369
2000.916667	-357
2001	-328
2001.083333	-321
2001.166667	-311
2001.25	-322
2001.333333	-344
2001.416667	-352
2001.5	-255
2001.583333	-35
2001.666667	39
2001.75	74
2001.833333	106
2001.916667	153
2002	211
2002.083333	199
2002.166667	202
2002.25	213
2002.333333	167
2002.416667	151
2002.5	52
2002.583333	73
2002.666667	73
2002.75	66
2002.833333	-13
2002.916667	-118
2003	-198
2003.083333	-262
2003.166667	-280
2003.25	-290
2003.333333	-295
2003.416667	-301
2003.5	-308
2003.583333	-329
2003.666667	-237
2003.75	-95
2003.833333	-15
2003.916667	69
2004	165
2004.083333	209
2004.166667	153
2004.25	163
2004.333333	155
2004.416667	145
2004.5	110
2004.583333	69
2004.666667	18
2004.75	-52
2004.833333	-98
2004.916667	-198
2005	-247
2005.083333	-283
2005.166667	-297
2005.25	-297
2005.333333	-329
2005.416667	-330
2005.5	-331
2005.583333	-339
2005.666667	-324
2005.75	-334
2005.833333	-320
2005.916667	-136
2006	34
2006.083333	94
2006.166667	164
2006.25	176
2006.333333	126
2006.416667	141
2006.5	173
2006.583333	131
2006.666667	65
2006.75	76
2006.833333	14
2006.916667	-123
2007	-210
2007.083333	-231
2007.166667	-226
2007.25	-250
2007.333333	-278
2007.416667	-304
2007.5	-318
2007.583333	-324
2007.666667	-333
2007.75	-343
2007.833333	-319
2007.916667	2
2008	125
2008.083333	118
2008.166667	139
2008.25	190
2008.333333	169
2008.416667	127
2008.5	168
2008.583333	142
2008.666667	116
2008.75	127
2008.833333	54
2008.916667	-52
2009	-82
2009.083333	-49
2009.166667	14
2009.25	-50
2009.333333	-198
2009.416667	-273
2009.5	-311
2009.583333	-328
2009.666667	-335
2009.75	-347
2009.833333	-353
2009.916667	-328
2010	-335
2010.083333	-330
2010.166667	-309
2010.25	-317
2010.333333	-326
2010.416667	-347
2010.5	-104
2010.583333	92
2010.666667	111
2010.75	134
2010.833333	111
2010.916667	116
2011	30
2011.083333	30
2011.166667	75
2011.25	71
2011.333333	27
2011.416667	-121
2011.5	-256
2011.583333	-302
2011.666667	-292
2011.75	-312
2011.833333	-307
2011.916667	-316
2012	-315
2012.083333	-320
2012.166667	-302
2012.25	-313
2012.333333	-323
2012.416667	-340
2012.5	-327
2012.583333	-194
2012.666667	-75
2012.75	-5
2012.833333	10
2012.916667	86
2013	176
2013.083333	155
2013.166667	154
2013.25	169
2013.333333	165
2013.416667	162
2013.5	185
2013.583333	144
2013.666667	164
2013.75	169
2013.833333	124
2013.916667	105
2014	81
2014.083333	85
2014.166667	61
2014.25	4
2014.333333	-169
