1953	-60
1953.083333	-2
1953.166667	50
1953.25	75
1953.333333	95
1953.416667	135
1953.5	110
1953.583333	75
1953.666667	22
1953.75	70
1953.833333	125
1953.916667	115
1954	50
1954.083333	1
1954.166667	45
1954.25	55
1954.333333	60
1954.416667	55
1954.5	40
1954.583333	25
1954.666667	-20
1954.75	-55
1954.833333	-80
1954.916667	-90
1955	-40
1955.083333	20
1955.166667	55
1955.25	50
1955.333333	50
1955.416667	45
1955.5	20
1955.583333	38
1955.666667	70
1955.75	125
1955.833333	155
1955.916667	110
1956	38
1956.083333	65
1956.166667	90
1956.25	152
1956.333333	152
1956.416667	95
1956.5	25
1956.583333	-8
1956.666667	-42
1956.75	-15
1956.833333	-5
1956.916667	-60
1957	-65
1957.083333	-75
1957.166667	-75
1957.25	-60
1957.333333	-50
1957.416667	-30
1957.5	-20
1957.583333	-5
1957.666667	15
1957.75	40
1957.833333	40
1957.916667	25
1958	25
1958.083333	20
1958.166667	30
1958.25	70
1958.333333	85
1958.416667	90
1958.5	85
1958.583333	80
1958.666667	70
1958.75	50
1958.833333	30
1958.916667	25
1959	15
1959.083333	-18
1959.166667	-45
1959.25	-60
1959.333333	-60
1959.416667	-65
1959.5	-70
1959.583333	-65
1959.666667	-20
1959.75	45
1959.833333	70
1959.916667	75
1960	65
1960.083333	20
1960.166667	50
1960.25	65
1960.333333	80
1960.416667	85
1960.5	-2
1960.583333	-20
1960.666667	-40
1960.75	-40
1960.833333	-50
1960.916667	-95
1961	-119
1961.083333	-100
1961.166667	-92
1961.25	-66
1961.333333	-69
1961.416667	8
1961.5	43
1961.583333	23
1961.666667	15
1961.75	27
1961.833333	62
1961.916667	31
1962	54
1962.083333	36
1962.166667	70
1962.25	101
1962.333333	178
1962.416667	135
1962.5	133
1962.583333	82
1962.666667	62
1962.75	80
1962.833333	90
1962.916667	76
1963	19
1963.083333	11
1963.166667	-11
1963.25	14
1963.333333	-32
1963.416667	-70
1963.5	-136
1963.583333	-177
1963.666667	-168
1963.75	-78
1963.833333	-4
1963.916667	29
1964	10
1964.083333	0
1964.166667	33
1964.25	21
1964.333333	63
1964.416667	89
1964.5	123
1964.583333	88
1964.666667	73
1964.75	83
1964.833333	109
1964.916667	47
1965	31
1965.083333	60
1965.166667	91
1965.25	59
1965.333333	147
1965.416667	175
1965.5	139
1965.583333	90
1965.666667	86
1965.75	57
1965.833333	-12
1965.916667	-82
1966	-116
1966.083333	-85
1966.166667	-70
1966.25	-82
1966.333333	-98
1966.416667	-85
1966.5	-25
1966.583333	-10
1966.666667	8
1966.75	82
1966.833333	52
1966.916667	79
1967	83
1967.083333	63
1967.166667	27
1967.25	91
1967.333333	155
1967.416667	156
1967.5	153
1967.583333	116
1967.666667	98
1967.75	87
1967.833333	71
1967.916667	79
1968	35
1968.083333	78
1968.166667	52
1968.25	47
1968.333333	83
1968.416667	87
1968.5	73
1968.583333	33
1968.666667	13
1968.75	34
1968.833333	24
1968.916667	-10
1969	-32
1969.083333	-50
1969.166667	-71
1969.25	-84
1969.333333	-59
1969.416667	6
1969.5	89
1969.583333	84
1969.666667	86
1969.75	95
1969.833333	83
1969.916667	68
1970	69
1970.083333	5
1970.166667	48
1970.25	22
1970.333333	65
1970.416667	87
1970.5	74
1970.583333	40
1970.666667	46
1970.75	9
1970.833333	-2
1970.916667	-30
1971	-42
1971.083333	-56
1971.166667	-77
1971.25	-78
1971.333333	-106
1971.416667	-12
1971.5	54
1971.583333	60
1971.666667	-15
1971.75	14
1971.833333	40
1971.916667	74
1972	50
1972.083333	67
1972.166667	96
1972.25	116
1972.333333	104
1972.416667	132
1972.5	90
1972.583333	52
1972.666667	-4
1972.75	-14
1972.833333	-45
1972.916667	-114
1973	-82
1973.083333	-74
1973.166667	-115
1973.25	-109
1973.333333	-17
1973.416667	65
1973.5	69
1973.583333	65
1973.666667	74
1973.75	84
1973.833333	89
1973.916667	72
1974	64
1974.083333	39
1974.166667	73
1974.25	79
1974.333333	88
1974.416667	111
1974.5	101
1974.583333	92
1974.666667	63
1974.75	32
1974.833333	7
1974.916667	-39
1975	-22
1975.083333	-73
1975.166667	-76
1975.25	-73
1975.333333	-90
1975.416667	-78
1975.5	-88
1975.583333	-53
1975.666667	-19
1975.75	50
1975.833333	71
1975.916667	37
1976	24
1976.083333	33
1976.166667	51
1976.25	73
1976.333333	92
1976.416667	85
1976.5	73
1976.583333	80
1976.666667	62
1976.75	64
1976.833333	61
1976.916667	40
1977	55
1977.083333	39
1977.166667	30
1977.25	28
1977.333333	30
1977.416667	-27
1977.5	-80
1977.583333	-102
1977.666667	-77
1977.75	-78
1977.833333	-99
1977.916667	-92
1978	-48
1978.083333	-8
1978.166667	4
1978.25	55
1978.333333	61
1978.416667	69
1978.5	58
1978.583333	67
1978.666667	68
1978.75	69
1978.833333	69
1978.916667	68
1979	21
1979.083333	38
1979.166667	44
1979.25	54
1979.333333	108
1979.416667	107
1979.5	55
1979.583333	44
1979.666667	17
1979.75	-5
1979.833333	-32
1979.916667	-99
1980	-55
1980.083333	-48
1980.166667	-82
1980.25	-83
1980.333333	-102
1980.416667	-92
1980.5	5
1980.583333	17
1980.666667	30
1980.75	71
1980.833333	60
1980.916667	50
1981	25
1981.083333	31
1981.166667	54
1981.25	75
1981.333333	82
1981.416667	96
1981.5	98
1981.583333	78
1981.666667	64
1981.75	71
1981.833333	76
1981.916667	39
1982	25
1982.083333	16
1982.166667	36
1982.25	48
1982.333333	-57
1982.416667	-102
1982.5	-137
1982.583333	-133
1982.666667	-131
1982.75	-113
1982.833333	-80
1982.916667	9
1983	14
1983.083333	24
1983.166667	-6
1983.25	8
1983.333333	91
1983.416667	84
1983.5	77
1983.583333	82
1983.666667	71
1983.75	73
1983.833333	71
1983.916667	56
1984	45
1984.083333	32
1984.166667	40
1984.25	49
1984.333333	65
1984.416667	52
1984.5	-6
1984.583333	-45
1984.666667	-71
1984.75	-66
1984.833333	-73
1984.916667	-73
1985	-72
1985.083333	-67
1985.166667	-96
1985.25	-68
1985.333333	-6
1985.416667	-15
1985.5	46
1985.583333	42
1985.666667	57
1985.75	68
1985.833333	53
1985.916667	15
1986	21
1986.083333	37
1986.166667	61
1986.25	53
1986.333333	94
1986.416667	102
1986.5	86
1986.583333	50
1986.666667	64
1986.75	95
1986.833333	78
1986.916667	43
1987	57
1987.083333	61
1987.166667	22
1987.25	-4
1987.333333	-2
1987.416667	-74
1987.5	-145
1987.583333	-148
1987.666667	-133
1987.75	-115
1987.833333	-37
1987.916667	-2
1988	7
1988.083333	49
1988.166667	20
1988.25	19
1988.333333	22
1988.416667	61
1988.5	60
1988.583333	57
1988.666667	53
1988.75	54
1988.833333	58
1988.916667	23
1989	68
1989.083333	37
1989.166667	41
1989.25	67
1989.333333	77
1989.416667	58
1989.5	42
1989.583333	36
1989.666667	41
1989.75	3
1989.833333	-20
1989.916667	3
1990	-14
1990.083333	-81
1990.166667	-31
1990.25	-81
1990.333333	-109
1990.416667	-50
1990.5	12
1990.583333	19
1990.666667	32
1990.75	60
1990.833333	76
1990.916667	56
1991	26
1991.083333	63
1991.166667	52
1991.25	57
1991.333333	79
1991.416667	71
1991.5	52
1991.583333	24
1991.666667	34
1991.75	38
1991.833333	27
1991.916667	36
1992	-5
1992.083333	47
1992.166667	-11
1992.25	26
1992.333333	12
1992.416667	-32
1992.5	-76
1992.583333	-100
1992.666667	-90
1992.75	-96
1992.833333	-112
1992.916667	-105
1993	-24
1993.083333	-23
1993.166667	21
1993.25	55
1993.333333	88
1993.416667	95
1993.5	57
1993.583333	43
1993.666667	32
1993.75	71
1993.833333	92
1993.916667	67
1994	51
1994.083333	47
1994.166667	92
1994.25	83
1994.333333	86
1994.416667	-14
1994.5	-72
1994.583333	-95
1994.666667	-120
1994.75	-96
1994.833333	-110
1994.916667	-70
1995	-15
1995.083333	-6
1995.166667	-40
1995.25	-25
1995.333333	41
1995.416667	35
1995.5	86
1995.583333	87
1995.666667	65
1995.75	68
1995.833333	47
1995.916667	58
1996	58
1996.083333	65
1996.166667	44
1996.25	62
1996.333333	71
1996.416667	63
1996.5	19
1996.583333	-24
1996.666667	-23
1996.75	-32
1996.833333	-72
1996.916667	-31
1997	-59
1997.083333	-5
1997.166667	-87
1997.25	-54
1997.333333	-76
1997.416667	-24
1997.5	90
1997.583333	90
1997.666667	95
1997.75	73
1997.833333	63
1997.916667	33
1998	20
1998.083333	39
1998.166667	29
1998.25	96
1998.333333	68
1998.416667	30
1998.5	8
1998.583333	-12
1998.666667	-35
1998.75	-30
1998.833333	-87
1998.916667	-71
1999	-65
1999.083333	-78
1999.166667	-57
1999.25	-39
1999.333333	13
1999.416667	44
1999.5	50
1999.583333	32
1999.666667	35
1999.75	40
1999.833333	42
1999.916667	32
2000	62
2000.083333	48
2000.166667	46
2000.25	60
2000.333333	92
2000.416667	106
2000.5	92
2000.583333	88
2000.666667	76
2000.75	62
2000.833333	35
2000.916667	-6
2001	7
2001.083333	22
2001.166667	-30
2001.25	17
2001.333333	42
2001.416667	55
2001.5	-4
2001.583333	-54
2001.666667	-31
2001.75	-50
2001.833333	-39
2001.916667	-62
2002	-47
2002.083333	-62
2002.166667	-87
2002.25	9
2002.333333	35
2002.416667	33
2002.5	10
2002.583333	42
2002.666667	58
2002.75	88
2002.833333	52
2002.916667	30
2003	31
2003.083333	42
2003.166667	47
2003.25	19
2003.333333	59
2003.416667	55
2003.5	40
2003.583333	31
2003.666667	27
2003.75	34
2003.833333	4
2003.916667	-9
2004	-62
2004.083333	-36
2004.166667	-58
2004.25	-77
2004.333333	-26
2004.416667	43
2004.5	39
2004.583333	34
2004.666667	34
2004.75	65
2004.833333	37
2004.916667	62
2005	4
2005.083333	24
2005.166667	78
2005.25	29
2005.333333	73
2005.416667	50
2005.5	44
2005.583333	45
2005.666667	0
2005.75	-3
2005.833333	-16
2005.916667	8
2006	-14
2006.083333	-63
2006.166667	-31
2006.25	-72
2006.333333	-125
2006.416667	-110
2006.5	-24
2006.583333	8
2006.666667	68
2006.75	76
2006.833333	62
2006.916667	81
2007	41
2007.083333	34
2007.166667	55
2007.25	91
2007.333333	99
2007.416667	79
2007.5	21
2007.583333	-8
2007.666667	12
2007.75	28
2007.833333	4
2007.916667	-30
2008	-65
2008.083333	-5
2008.166667	-21
2008.25	-49
2008.333333	-114
2008.416667	-47
2008.5	47
2008.583333	35
2008.666667	16
2008.75	40
2008.833333	23
2008.916667	-14
2009	-10
2009.083333	44
2009.166667	36
2009.25	67
2009.333333	91
2009.416667	95
2009.5	82
2009.583333	58
2009.666667	69
2009.75	94
2009.833333	66
2009.916667	64
2010	82
2010.083333	61
2010.166667	49
2010.25	56
2010.333333	-56
2010.416667	-137
2010.5	-163
2010.583333	-163
2010.666667	-185
2010.75	-37
2010.833333	41
2010.916667	44
2011	6
2011.083333	62
2011.166667	48
2011.25	7
2011.333333	56
2011.416667	33
2011.5	76
2011.583333	67
2011.666667	109
2011.75	108
2011.833333	100
2011.916667	54
2012	7
2012.083333	-1
2012.166667	10
2012.25	-7
2012.333333	16
2012.416667	54
2012.5	12
2012.583333	22
2012.666667	29
2012.75	37
2012.833333	11
2012.916667	26
2013	-2
2013.083333	-1
2013.166667	-60
2013.25	-54
2013.333333	-128
2013.416667	-113
2013.5	-18
2013.583333	11
2013.666667	60
2013.75	66
2013.833333	82
2013.916667	74
2014	62
2014.083333	49
2014.166667	25
2014.25	82
2014.333333	97
2014.416667	110
2014.5	110
2014.583333	84
