0	2.1
0.083333333	1.5
0.166666667	2.5
0.25	0.7
0.333333333	1.6
0.416666667	1.183333333
0.5	0.858333333
0.583333333	0.608333333
0.666666667	0.416666667
0.75	0.375
0.833333333	0.191666667
0.916666667	0.041666667
1	-0.05
1.083333333	-0.391666667
1.166666667	-0.708333333
1.25	-1.116666667
1.333333333	-1.133333333
1.416666667	-0.983333333
1.5	-0.975
1.583333333	-0.891666667
1.666666667	-0.858333333
1.75	-0.866666667
1.833333333	-0.741666667
1.916666667	-0.833333333
2	-1.05
2.083333333	-1.266666667
2.166666667	-1.291666667
2.25	-0.941666667
2.333333333	-0.991666667
2.416666667	-0.95
2.5	-0.691666667
2.583333333	-0.825
2.666666667	-1.308333333
2.75	-1.158333333
2.833333333	-1.083333333
2.916666667	-0.9
3	-0.766666667
3.083333333	-0.383333333
3.166666667	-0.291666667
3.25	-0.25
3.333333333	-0.241666667
3.416666667	-0.683333333
3.5	-1.033333333
3.583333333	-0.991666667
3.666666667	-0.433333333
3.75	-0.733333333
3.833333333	-0.866666667
3.916666667	-0.8
4	-0.691666667
4.083333333	-0.791666667
4.166666667	-0.75
4.25	-0.758333333
4.333333333	-0.816666667
4.416666667	-0.758333333
4.5	-0.825
4.583333333	-0.683333333
4.666666667	-0.733333333
4.75	-0.591666667
4.833333333	-0.633333333
4.916666667	-0.883333333
5	-0.891666667
5.083333333	-0.941666667
5.166666667	-0.9
5.25	-1.208333333
5.333333333	-1.391666667
5.416666667	-1.075
5.5	-0.8
5.583333333	-0.816666667
5.666666667	-0.85
5.75	-0.825
5.833333333	-0.716666667
5.916666667	-0.533333333
6	-0.383333333
6.083333333	-0.066666667
6.166666667	0.175
6.25	0.633333333
6.333333333	0.966666667
6.416666667	1.1
6.5	1.341666667
6.583333333	1.516666667
6.666666667	1.616666667
6.75	1.675
6.833333333	1.541666667
6.916666667	1.558333333
7	1.516666667
7.083333333	1.383333333
7.166666667	1.266666667
7.25	1.158333333
7.333333333	0.958333333
7.416666667	0.833333333
7.5	0.533333333
7.583333333	0.325
7.666666667	-0.008333333
7.75	-0.333333333
7.833333333	-0.391666667
7.916666667	-0.616666667
8	-0.883333333
8.083333333	-1.05
8.166666667	-1.275
8.25	-1.558333333
8.333333333	-1.666666667
8.416666667	-1.808333333
8.5	-2.2
8.583333333	-2.191666667
8.666666667	-2.466666667
8.75	-2.225
8.833333333	-2.133333333
8.916666667	-1.725
9	-1.491666667
9.083333333	-1.358333333
9.166666667	-1.066666667
9.25	-0.825
9.333333333	-0.375
9.416666667	0.025
9.5	0.85
9.583333333	1.075
9.666666667	1.75
9.75	1.833333333
9.833333333	1.891666667
9.916666667	1.725
10	1.658333333
10.08333333	1.591666667
10.16666667	1.566666667
10.25	1.575
10.33333333	1.325
10.41666667	0.966666667
10.5	0.9
10.58333333	0.616666667
10.66666667	0.233333333
10.75	0.208333333
10.83333333	0.166666667
10.91666667	0.091666667
11	0.058333333
11.08333333	0.008333333
11.16666667	-0.241666667
11.25	-0.283333333
11.33333333	-0.366666667
11.41666667	-0.45
11.5	-0.7
11.58333333	-0.816666667
11.66666667	-0.475
11.75	-0.458333333
11.83333333	-0.333333333
11.91666667	-0.133333333
12	0.058333333
12.08333333	0.233333333
12.16666667	0.358333333
12.25	0.475
12.33333333	0.45
12.41666667	0.583333333
12.5	0.708333333
12.58333333	1.041666667
12.66666667	0.933333333
12.75	0.983333333
12.83333333	1.033333333
12.91666667	1.033333333
13	1.166666667
13.08333333	1.216666667
13.16666667	1.4
13.25	1.366666667
13.33333333	1.583333333
13.41666667	1.466666667
13.5	1.65
13.58333333	1.7
13.66666667	1.758333333
13.75	1.733333333
13.83333333	1.466666667
13.91666667	1.3
14	1.116666667
14.08333333	0.816666667
14.16666667	0.625
14.25	0.575
14.33333333	0.35
14.41666667	0.45
14.5	0.183333333
14.58333333	0.116666667
14.66666667	-0.025
14.75	-0.016666667
14.83333333	0.116666667
14.91666667	0
15	-0.175
15.08333333	-0.133333333
15.16666667	-0.191666667
15.25	-0.333333333
15.33333333	-0.308333333
15.41666667	-0.475
15.5	-0.458333333
15.58333333	-0.416666667
15.66666667	-0.425
15.75	-0.55
15.83333333	-0.941666667
15.91666667	-1.108333333
16	-1.191666667
16.08333333	-1.258333333
16.16666667	-1.383333333
16.25	-1.466666667
16.33333333	-1.466666667
16.41666667	-1.491666667
16.5	-1.808333333
16.58333333	-2.108333333
16.66666667	-2.358333333
16.75	-2.525
16.83333333	-2.375
16.91666667	-2.133333333
17	-1.95
17.08333333	-1.725
17.16666667	-1.516666667
17.25	-1.308333333
17.33333333	-1.35
17.41666667	-1.025
17.5	-0.683333333
17.58333333	-0.458333333
17.66666667	0.091666667
17.75	0.383333333
17.83333333	0.566666667
17.91666667	0.558333333
18	0.658333333
18.08333333	0.741666667
18.16666667	0.866666667
18.25	0.9
18.33333333	1.033333333
18.41666667	0.925
18.5	1.025
18.58333333	1.083333333
18.66666667	1
18.75	0.916666667
18.83333333	0.858333333
18.91666667	0.783333333
19	0.616666667
19.08333333	0.375
19.16666667	0.216666667
19.25	0.25
19.33333333	0.441666667
19.41666667	0.333333333
19.5	-0.016666667
19.58333333	-0.283333333
19.66666667	-0.9
19.75	-1.116666667
19.83333333	-1.125
19.91666667	-0.758333333
20	-0.541666667
20.08333333	-0.316666667
20.16666667	-0.541666667
20.25	-0.9
20.33333333	-1.2
20.41666667	-1.233333333
20.5	-1.125
20.58333333	-0.958333333
20.66666667	-0.383333333
20.75	-0.141666667
20.83333333	-0.058333333
20.91666667	-0.116666667
21	-0.058333333
21.08333333	-0.008333333
21.16666667	0.016666667
21.25	-0.05
21.33333333	-0.091666667
21.41666667	-0.041666667
21.5	0.283333333
21.58333333	0.191666667
21.66666667	0.225
21.75	0.25
21.83333333	0.35
21.91666667	0.175
22	-0.008333333
22.08333333	-0.266666667
22.16666667	-0.291666667
22.25	-0.066666667
22.33333333	0.008333333
22.41666667	0
22.5	-0.475
22.58333333	-0.633333333
22.66666667	-0.558333333
22.75	-0.441666667
22.83333333	-0.441666667
22.91666667	-0.483333333
23	-0.433333333
23.08333333	-0.308333333
23.16666667	0.058333333
23.25	0.233333333
23.33333333	0.3
23.41666667	0.6
23.5	1.016666667
23.58333333	1.5
23.66666667	1.383333333
23.75	1.508333333
23.83333333	1.508333333
23.91666667	1.425
24	1.233333333
24.08333333	1.233333333
24.16666667	1.133333333
24.25	1.058333333
24.33333333	0.816666667
24.41666667	0.591666667
24.5	0.183333333
24.58333333	-0.425
24.66666667	-1.05
24.75	-1.808333333
24.83333333	-2.325
24.91666667	-2.566666667
25	-2.708333333
25.08333333	-2.825
25.16666667	-2.941666667
25.25	-3.033333333
25.33333333	-3.041666667
25.41666667	-3.308333333
25.5	-3.225
25.58333333	-3.05
25.66666667	-2.641666667
25.75	-2.291666667
25.83333333	-1.966666667
25.91666667	-1.675
26	-1.333333333
26.08333333	-1.016666667
26.16666667	-0.658333333
26.25	-0.441666667
26.33333333	0.058333333
26.41666667	0.35
26.5	0.525
26.58333333	0.641666667
26.66666667	0.691666667
26.75	0.708333333
26.83333333	0.741666667
26.91666667	0.825
27	0.75
27.08333333	0.425
27.16666667	0.166666667
27.25	-0.008333333
27.33333333	-0.325
27.41666667	-0.291666667
27.5	-0.533333333
27.58333333	-0.35
27.66666667	-0.4
27.75	-0.225
27.83333333	-0.15
27.91666667	-0.241666667
28	-0.058333333
28.08333333	0.108333333
28.16666667	0.383333333
28.25	0.541666667
28.33333333	0.625
28.41666667	0.45
28.5	0.55
28.58333333	0.358333333
28.66666667	0.4
28.75	0.15
28.83333333	0.15
28.91666667	0.425
29	0.391666667
29.08333333	0.466666667
29.16666667	0.191666667
29.25	0.125
29.33333333	0.191666667
29.41666667	0.358333333
29.5	0.483333333
29.58333333	0.808333333
29.66666667	1.033333333
29.75	1.225
29.83333333	1.225
29.91666667	1.233333333
30	1.366666667
30.08333333	1.375
30.16666667	1.575
30.25	1.675
30.33333333	1.825
30.41666667	2.016666667
30.5	1.975
30.58333333	1.725
30.66666667	1.575
30.75	1.541666667
30.83333333	1.441666667
30.91666667	1.066666667
31	0.608333333
31.08333333	0.316666667
31.16666667	-0.008333333
31.25	-0.325
31.33333333	-0.683333333
31.41666667	-0.991666667
31.5	-1.216666667
31.58333333	-1.558333333
31.66666667	-1.758333333
31.75	-2
31.83333333	-2.05
31.91666667	-1.975
32	-1.825
32.08333333	-1.783333333
32.16666667	-1.725
32.25	-1.65
32.33333333	-1.516666667
32.41666667	-1.633333333
32.5	-1.516666667
32.58333333	-1.3
32.66666667	-1.15
32.75	-0.991666667
32.83333333	-0.933333333
32.91666667	-0.925
33	-0.916666667
33.08333333	-0.916666667
33.16666667	-0.991666667
33.25	-1.016666667
33.33333333	-1.191666667
33.41666667	-1.166666667
33.5	-1.191666667
33.58333333	-1.058333333
33.66666667	-0.908333333
33.75	-1.025
33.83333333	-1.058333333
33.91666667	-1.216666667
34	-1.35
34.08333333	-1.416666667
34.16666667	-1.483333333
34.25	-1.458333333
34.33333333	-1.366666667
34.41666667	-1.2
34.5	-1.575
34.58333333	-1.7
34.66666667	-2.191666667
34.75	-2.158333333
34.83333333	-1.933333333
34.91666667	-1.458333333
35	-0.983333333
35.08333333	-0.616666667
35.16666667	-0.216666667
35.25	0.016666667
35.33333333	-0.133333333
35.41666667	-0.016666667
35.5	0.533333333
35.58333333	0.558333333
35.66666667	0.783333333
35.75	0.933333333
35.83333333	0.875
35.91666667	0.7
36	0.716666667
36.08333333	0.741666667
36.16666667	0.6
36.25	0.55
36.33333333	0.883333333
36.41666667	0.958333333
36.5	0.966666667
36.58333333	1.233333333
36.66666667	1.633333333
36.75	1.866666667
36.83333333	2.05
36.91666667	2.191666667
37	2.208333333
37.08333333	2.458333333
37.16666667	2.841666667
37.25	2.983333333
37.33333333	3.133333333
37.41666667	3.275
37.5	3.441666667
37.58333333	3.533333333
37.66666667	3.208333333
37.75	3.166666667
37.83333333	3.041666667
37.91666667	2.766666667
38	2.216666667
38.08333333	1.7
38.16666667	1.158333333
38.25	0.866666667
38.33333333	0.6
38.41666667	0.091666667
38.5	-0.45
38.58333333	-0.95
38.66666667	-1.116666667
38.75	-1.325
38.83333333	-1.533333333
38.91666667	-1.6
39	-1.525
39.08333333	-1.575
39.16666667	-1.541666667
39.25	-1.625
39.33333333	-1.783333333
39.41666667	-1.808333333
39.5	-1.508333333
39.58333333	-1.358333333
39.66666667	-1.225
39.75	-1.208333333
39.83333333	-1.15
39.91666667	-0.983333333
40	-0.75
40.08333333	-0.583333333
40.16666667	-0.425
40.25	-0.341666667
40.33333333	-0.191666667
40.41666667	0.116666667
40.5	0.308333333
40.58333333	0.466666667
40.66666667	0.725
40.75	0.633333333
40.83333333	0.7
40.91666667	1.008333333
41	0.933333333
41.08333333	0.783333333
41.16666667	0.758333333
41.25	0.975
41.33333333	1.075
41.41666667	1.05
41.5	0.975
41.58333333	1.025
41.66666667	0.925
41.75	0.975
41.83333333	0.875
41.91666667	0.558333333
42	0.533333333
42.08333333	0.608333333
42.16666667	0.616666667
42.25	0.541666667
42.33333333	0.558333333
42.41666667	0.616666667
42.5	0.575
42.58333333	0.483333333
42.66666667	0.533333333
42.75	0.666666667
42.83333333	0.75
42.91666667	0.7
43	0.533333333
43.08333333	0.3
43.16666667	0.016666667
43.25	-0.133333333
43.33333333	-0.425
43.41666667	-0.566666667
43.5	-0.75
43.58333333	-0.8
43.66666667	-0.883333333
43.75	-1.125
43.83333333	-1.016666667
43.91666667	-0.933333333
44	-0.683333333
44.08333333	-0.283333333
44.16666667	0.041666667
44.25	0.225
44.33333333	0.558333333
44.41666667	0.591666667
44.5	0.775
44.58333333	1.016666667
44.66666667	1.183333333
44.75	1.475
44.83333333	1.333333333
44.91666667	1.208333333
45	0.933333333
45.08333333	0.641666667
45.16666667	0.45
45.25	0.15
45.33333333	-0.141666667
45.41666667	-0.358333333
45.5	-0.566666667
45.58333333	-1.091666667
45.66666667	-1.516666667
45.75	-1.725
45.83333333	-1.733333333
45.91666667	-1.758333333
46	-1.6
46.08333333	-1.566666667
46.16666667	-1.458333333
46.25	-1.208333333
46.33333333	-1.058333333
46.41666667	-0.825
46.5	-0.625
46.58333333	-0.35
46.66666667	0.141666667
46.75	0.3
46.83333333	0.4
46.91666667	0.566666667
47	0.608333333
47.08333333	0.625
47.16666667	0.6
47.25	0.483333333
47.33333333	0.358333333
47.41666667	0.391666667
47.5	0.141666667
47.58333333	0.316666667
47.66666667	0.241666667
47.75	0.291666667
47.83333333	0.191666667
47.91666667	0.016666667
48	-1.85037E-17
48.08333333	0.225
48.16666667	0.358333333
48.25	0.558333333
48.33333333	0.691666667
48.41666667	0.775
48.5	1.208333333
48.58333333	1.358333333
48.66666667	1.233333333
48.75	1.15
48.83333333	1.041666667
48.91666667	1.141666667
49	1.175
49.08333333	1.041666667
49.16666667	0.9
49.25	0.875
49.33333333	1
49.41666667	0.891666667
49.5	0.841666667
49.58333333	0.633333333
49.66666667	0.566666667
49.75	0.491666667
49.83333333	0.641666667
49.91666667	0.558333333
50	0.458333333
50.08333333	0.425
50.16666667	0.333333333
50.25	0.291666667
50.33333333	0.175
50.41666667	0.041666667
50.5	-0.041666667
50.58333333	-0.425
50.66666667	-0.358333333
50.75	-0.233333333
50.83333333	-0.091666667
50.91666667	0.158333333
51	0.341666667
51.08333333	0.316666667
51.16666667	0.466666667
51.25	0.275
51.33333333	0.2
51.41666667	0.366666667
51.5	0.275
51.58333333	0.491666667
51.66666667	0.308333333
51.75	-0.033333333
51.83333333	-0.166666667
51.91666667	-0.366666667
52	-0.7
52.08333333	-0.733333333
52.16666667	-0.941666667
52.25	-0.891666667
52.33333333	-0.908333333
52.41666667	-1
52.5	-1.25
52.58333333	-1.141666667
52.66666667	-1.075
52.75	-0.8
52.83333333	-0.758333333
52.91666667	-0.791666667
53	-0.541666667
53.08333333	-0.466666667
53.16666667	-0.266666667
53.25	-0.15
53.33333333	-0.008333333
53.41666667	0.083333333
53.5	0.4
53.58333333	0.35
53.66666667	0.383333333
53.75	0.408333333
53.83333333	0.266666667
53.91666667	0.441666667
54	0.433333333
54.08333333	0.133333333
54.16666667	-0.008333333
54.25	-0.008333333
54.33333333	0.066666667
54.41666667	-0.108333333
54.5	-0.108333333
54.58333333	-0.2
54.66666667	-0.008333333
54.75	-0.033333333
54.83333333	-0.008333333
54.91666667	-0.158333333
55	-0.183333333
55.08333333	0.166666667
55.16666667	0.35
55.25	0.408333333
55.33333333	0.291666667
55.41666667	0.266666667
55.5	0.125
55.58333333	0.2
55.66666667	0.025
55.75	0.05
55.83333333	0.15
55.91666667	0.141666667
56	0.183333333
56.08333333	0.025
56.16666667	-0.033333333
56.25	-0.133333333
56.33333333	-0.358333333
56.41666667	-0.291666667
56.5	-0.1
56.58333333	-0.191666667
56.66666667	-0.116666667
56.75	-0.166666667
56.83333333	-0.225
56.91666667	-0.166666667
57	-0.283333333
57.08333333	-0.125
57.16666667	-0.141666667
57.25	-0.191666667
57.33333333	-0.066666667
57.41666667	0.033333333
57.5	-0.008333333
57.58333333	0.15
57.66666667	0.008333333
57.75	0.041666667
57.83333333	0.191666667
57.91666667	0.358333333
58	0.675
58.08333333	0.791666667
58.16666667	0.9
58.25	1.133333333
58.33333333	1.208333333
58.41666667	1.341666667
58.5	1.516666667
58.58333333	1.575
58.66666667	1.791666667
58.75	1.85
58.83333333	1.691666667
58.91666667	1.483333333
59	1.35
59.08333333	1.175
59.16666667	0.916666667
59.25	0.508333333
59.33333333	0.375
59.41666667	-0.008333333
59.5	-0.3
59.58333333	-0.516666667
59.66666667	-0.85
59.75	-1.041666667
59.83333333	-1.183333333
59.91666667	-1.383333333
60	-1.708333333
60.08333333	-1.925
60.16666667	-2.058333333
60.25	-2.083333333
60.33333333	-2.066666667
60.41666667	-2.25
60.5	-2.425
60.58333333	-2.608333333
60.66666667	-2.616666667
60.75	-2.641666667
60.83333333	-2.558333333
60.91666667	-2.5
61	-2.558333333
61.08333333	-2.575
61.16666667	-2.425
61.25	-2.475
61.33333333	-2.5
61.41666667	-2.308333333
61.5	-2.366666667
61.58333333	-2.166666667
61.66666667	-2.083333333
61.75	-2.025
61.83333333	-1.9
61.91666667	-1.666666667
62	-1.416666667
62.08333333	-1.108333333
62.16666667	-0.866666667
62.25	-0.458333333
62.33333333	-0.4
62.41666667	-0.025
62.5	0.375
62.58333333	0.633333333
62.66666667	0.783333333
62.75	0.983333333
62.83333333	0.966666667
62.91666667	0.8
63	0.85
63.08333333	0.9
63.16666667	0.858333333
63.25	0.866666667
63.33333333	0.975
63.41666667	0.591666667
63.5	0.275
63.58333333	0.158333333
63.66666667	0.183333333
63.75	-0.016666667
63.83333333	-0.058333333
63.91666667	-0.016666667
64	-0.166666667
64.08333333	-0.216666667
64.16666667	-0.258333333
64.25	-0.508333333
64.33333333	-0.641666667
64.41666667	-0.433333333
64.5	-0.191666667
64.58333333	-0.15
64.66666667	-0.033333333
64.75	-0.05
64.83333333	-0.041666667
64.91666667	0.083333333
65	0.25
65.08333333	0.358333333
65.16666667	0.45
65.25	0.608333333
65.33333333	0.65
65.41666667	0.7
65.5	0.558333333
65.58333333	0.516666667
65.66666667	0.283333333
65.75	0.258333333
65.83333333	0.133333333
65.91666667	-0.05
66	-0.233333333
66.08333333	-0.45
66.16666667	-0.816666667
66.25	-1.025
66.33333333	-1
66.41666667	-1.208333333
66.5	-1.25
66.58333333	-1.4
66.66666667	-1.183333333
66.75	-1.133333333
66.83333333	-1.158333333
66.91666667	-1.033333333
67	-0.775
67.08333333	-0.625
67.16666667	-0.216666667
67.25	-0.066666667
67.33333333	0.075
67.41666667	0.258333333
67.5	0.291666667
67.58333333	0.316666667
67.66666667	0.058333333
67.75	0.133333333
67.83333333	0.325
67.91666667	0.25
68	0.133333333
68.08333333	-0.025
68.16666667	-0.308333333
68.25	-0.2
68.33333333	-0.266666667
68.41666667	-0.45
68.5	-0.525
68.58333333	-0.441666667
68.66666667	-0.291666667
68.75	-0.3
68.83333333	-0.408333333
68.91666667	-0.483333333
69	-0.516666667
69.08333333	-0.508333333
69.16666667	-0.366666667
69.25	-0.375
69.33333333	-0.508333333
69.41666667	-0.291666667
69.5	-0.075
69.58333333	0.2
69.66666667	0.4
69.75	0.541666667
69.83333333	0.683333333
69.91666667	1.091666667
70	1.4
70.08333333	1.625
70.16666667	1.691666667
70.25	1.858333333
70.33333333	2.091666667
70.41666667	2.358333333
70.5	2.508333333
70.58333333	2.308333333
70.66666667	1.941666667
70.75	1.691666667
70.83333333	1.475
70.91666667	1.166666667
71	0.7
71.08333333	0.45
71.16666667	0.183333333
71.25	-0.233333333
71.33333333	-0.5
71.41666667	-1
71.5	-1.391666667
71.58333333	-1.625
71.66666667	-1.516666667
71.75	-1.5
71.83333333	-1.275
71.91666667	-1.166666667
72	-0.916666667
72.08333333	-0.875
72.16666667	-0.733333333
72.25	-0.516666667
72.33333333	-0.408333333
72.41666667	-0.491666667
72.5	-0.291666667
72.58333333	-0.275
72.66666667	-0.391666667
72.75	-0.325
72.83333333	-0.708333333
72.91666667	-0.816666667
73	-0.891666667
73.08333333	-1.091666667
73.16666667	-1.258333333
73.25	-1.308333333
73.33333333	-1.341666667
73.41666667	-1.216666667
73.5	-1.166666667
73.58333333	-1.133333333
73.66666667	-1.058333333
73.75	-1
73.83333333	-0.666666667
73.91666667	-0.666666667
74	-0.616666667
74.08333333	-0.25
74.16666667	-0.025
74.25	0.008333333
74.33333333	0.083333333
74.41666667	0.375
74.5	0.2
74.58333333	0.541666667
74.66666667	0.591666667
74.75	0.475
74.83333333	0.558333333
74.91666667	0.741666667
75	0.933333333
75.08333333	0.991666667
75.16666667	1.175
75.25	1.375
75.33333333	1.541666667
75.41666667	1.483333333
75.5	1.766666667
75.58333333	1.725
75.66666667	1.841666667
75.75	2.008333333
75.83333333	2.075
75.91666667	2.041666667
76	1.958333333
76.08333333	1.916666667
76.16666667	1.708333333
76.25	1.75
76.33333333	1.575
76.41666667	1.575
76.5	1.466666667
76.58333333	1.2
76.66666667	1.025
76.75	0.925
76.83333333	0.6
76.91666667	0.458333333
77	0.325
77.08333333	0.058333333
77.16666667	-0.091666667
77.25	-0.366666667
77.33333333	-0.541666667
77.41666667	-0.758333333
77.5	-1.158333333
77.58333333	-1.225
77.66666667	-1.216666667
77.75	-1.2
77.83333333	-1.183333333
77.91666667	-1.166666667
78	-1.141666667
78.08333333	-0.916666667
78.16666667	-0.825
78.25	-0.833333333
78.33333333	-0.75
78.41666667	-0.791666667
78.5	-0.641666667
78.58333333	-0.775
78.66666667	-0.616666667
78.75	-0.608333333
78.83333333	-0.45
78.91666667	-0.508333333
79	-0.608333333
79.08333333	-0.766666667
79.16666667	-0.708333333
79.25	-0.633333333
79.33333333	-0.416666667
79.41666667	-0.183333333
79.5	-0.016666667
79.58333333	0.216666667
79.66666667	0.175
79.75	0.233333333
79.83333333	0.241666667
79.91666667	0.275
80	0.391666667
80.08333333	0.533333333
80.16666667	0.625
80.25	0.566666667
80.33333333	0.508333333
80.41666667	0.491666667
80.5	0.433333333
80.58333333	0.558333333
80.66666667	0.108333333
80.75	0.116666667
80.83333333	0.091666667
80.91666667	0.091666667
81	0.058333333
81.08333333	-0.041666667
81.16666667	-0.125
81.25	-0.2
81.33333333	-0.2
81.41666667	-0.083333333
81.5	0.275
81.58333333	0.091666667
81.66666667	0.408333333
81.75	0.308333333
81.83333333	0.425
81.91666667	0.516666667
82	0.483333333
82.08333333	0.566666667
82.16666667	0.625
82.25	0.833333333
82.33333333	0.791666667
82.41666667	0.583333333
82.5	0.433333333
82.58333333	0.575
82.66666667	0.725
82.75	0.816666667
82.83333333	0.7
82.91666667	0.516666667
83	0.491666667
83.08333333	0.375
83.16666667	0.216666667
83.25	-0.125
83.33333333	-0.3
83.41666667	-0.525
83.5	-0.75
83.58333333	-0.841666667
83.66666667	-0.841666667
83.75	-0.783333333
83.83333333	-0.808333333
83.91666667	-0.616666667
84	-0.516666667
84.08333333	-0.266666667
84.16666667	0.016666667
84.25	0.408333333
84.33333333	0.558333333
84.41666667	0.7
84.5	0.691666667
84.58333333	0.741666667
84.66666667	0.683333333
84.75	0.433333333
84.83333333	0.425
84.91666667	0.225
85	-0.133333333
85.08333333	-0.483333333
85.16666667	-0.883333333
85.25	-1.216666667
85.33333333	-1.466666667
85.41666667	-1.391666667
85.5	-1.541666667
85.58333333	-1.641666667
85.66666667	-1.908333333
85.75	-1.866666667
85.83333333	-1.941666667
85.91666667	-1.8
86	-1.516666667
86.08333333	-1.308333333
86.16666667	-1.133333333
86.25	-1.016666667
86.33333333	-0.791666667
86.41666667	-0.875
86.5	-0.391666667
86.58333333	-0.083333333
86.66666667	0.258333333
86.75	0.291666667
86.83333333	0.341666667
86.91666667	0.391666667
87	0.408333333
87.08333333	0.425
87.16666667	0.541666667
87.25	0.566666667
87.33333333	0.5
87.41666667	0.466666667
87.5	0.266666667
87.58333333	0.2
87.66666667	0.025
87.75	0.025
87.83333333	0.225
87.91666667	0.291666667
88	0.375
88.08333333	0.3
88.16666667	0.175
88.25	0.158333333
88.33333333	0.183333333
88.41666667	0.308333333
88.5	-0.008333333
88.58333333	-0.308333333
88.66666667	-0.258333333
88.75	-0.316666667
88.83333333	-0.55
88.91666667	-0.691666667
89	-0.875
89.08333333	-0.933333333
89.16666667	-1.058333333
89.25	-1.2
89.33333333	-1.166666667
89.41666667	-1.133333333
89.5	-1.058333333
89.58333333	-1.133333333
89.66666667	-1.108333333
89.75	-1.066666667
89.83333333	-0.975
89.91666667	-0.85
90	-0.833333333
90.08333333	-0.725
90.16666667	-0.383333333
90.25	-0.075
90.33333333	0.183333333
90.41666667	0.416666667
90.5	0.641666667
90.58333333	1.125
90.66666667	1.4
90.75	1.683333333
90.83333333	1.766666667
90.91666667	1.683333333
91	1.775
91.08333333	1.925
91.16666667	1.975
91.25	2.083333333
91.33333333	1.925
91.41666667	1.658333333
91.5	1.675
91.58333333	1.533333333
91.66666667	1.258333333
91.75	0.975
91.83333333	0.591666667
91.91666667	0.425
92	0.158333333
92.08333333	-0.158333333
92.16666667	-0.6
92.25	-1
92.33333333	-1.133333333
92.41666667	-1.358333333
92.5	-1.475
92.58333333	-1.858333333
92.66666667	-1.841666667
92.75	-1.816666667
92.83333333	-1.5
92.91666667	-1.241666667
93	-0.908333333
93.08333333	-0.633333333
93.16666667	-0.225
93.25	0.025
93.33333333	0.475
93.41666667	0.958333333
93.5	1.383333333
93.58333333	1.916666667
93.66666667	2.191666667
93.75	2.333333333
93.83333333	2.416666667
93.91666667	2.316666667
94	2.4
94.08333333	2.325
94.16666667	2.3
94.25	2.325
94.33333333	1.891666667
94.41666667	1.625
94.5	1.158333333
94.58333333	0.975
94.66666667	0.833333333
94.75	0.858333333
94.83333333	0.808333333
94.91666667	0.95
95	1.075
95.08333333	1.266666667
95.16666667	1.425
95.25	1.541666667
95.33333333	1.758333333
95.41666667	2.066666667
95.5	2.375
95.58333333	2.508333333
95.66666667	2.533333333
95.75	2.408333333
95.83333333	2.366666667
95.91666667	2.2
96	1.758333333
96.08333333	1.316666667
96.16666667	0.808333333
96.25	0.616666667
96.33333333	0.533333333
96.41666667	0.141666667
96.5	-0.15
96.58333333	-0.225
96.66666667	-0.583333333
96.75	-0.708333333
96.83333333	-0.85
96.91666667	-1.041666667
97	-1.091666667
97.08333333	-1.091666667
97.16666667	-1.041666667
97.25	-1.266666667
97.33333333	-1.566666667
97.41666667	-1.675
97.5	-1.641666667
97.58333333	-2.258333333
97.66666667	-2.191666667
97.75	-2.166666667
97.83333333	-1.875
97.91666667	-1.625
98	-1.358333333
98.08333333	-1.175
98.16666667	-1.033333333
98.25	-0.941666667
98.33333333	-0.75
98.41666667	-0.591666667
98.5	-0.625
98.58333333	-0.041666667
98.66666667	0
98.75	0.025
98.83333333	-0.108333333
98.91666667	-0.1
99	0.016666667
99.08333333	-0.066666667
99.16666667	-0.058333333
99.25	-0.008333333
99.33333333	-0.075
99.41666667	-0.175
99.5	-0.041666667
99.58333333	-0.15
99.66666667	-0.25
99.75	-0.333333333
99.83333333	-0.416666667
99.91666667	-0.525
100	-0.733333333
100.0833333	-0.65
100.1666667	-0.741666667
100.25	-0.725
100.3333333	-0.708333333
100.4166667	-0.616666667
100.5	-0.625
100.5833333	-0.708333333
100.6666667	-0.825
100.75	-0.741666667
100.8333333	-0.608333333
100.9166667	-0.408333333
101	-0.275
101.0833333	-0.225
101.1666667	-0.1
101.25	-0.166666667
101.3333333	-0.091666667
101.4166667	0.008333333
101.5	0.158333333
101.5833333	0.233333333
101.6666667	0.525
101.75	0.558333333
101.8333333	0.375
101.9166667	0.016666667
102	-0.35
102.0833333	-0.733333333
102.1666667	-1.058333333
102.25	-1.258333333
102.3333333	-1.691666667
102.4166667	-2.133333333
102.5	-2.891666667
102.5833333	-3.516666667
102.6666667	-3.991666667
102.75	-4.15
102.8333333	-4
102.9166667	-3.825
103	-3.666666667
103.0833333	-3.358333333
103.1666667	-2.941666667
103.25	-2.608333333
103.3333333	-2.208333333
103.4166667	-1.841666667
103.5	-1.25
103.5833333	-0.541666667
103.6666667	-0.2
103.75	0.008333333
103.8333333	-0.058333333
103.9166667	-0.125
104	-0.008333333
104.0833333	0.025
104.1666667	-0.1
104.25	-0.216666667
104.3333333	-0.158333333
104.4166667	-0.2
104.5	-0.275
104.5833333	-0.208333333
104.6666667	-0.058333333
104.75	0.058333333
104.8333333	0.091666667
104.9166667	0.075
105	0.033333333
105.0833333	0.116666667
105.1666667	0.091666667
105.25	0.075
105.3333333	0
105.4166667	0.075
105.5	0.258333333
105.5833333	-0.108333333
105.6666667	-0.141666667
105.75	-0.275
105.8333333	-0.375
105.9166667	-0.158333333
106	-0.108333333
106.0833333	-0.333333333
106.1666667	-0.408333333
106.25	-0.233333333
106.3333333	-0.4
106.4166667	-0.658333333
106.5	-0.908333333
106.5833333	-0.941666667
106.6666667	-1.208333333
106.75	-1.466666667
106.8333333	-1.625
106.9166667	-1.95
107	-2.2
107.0833333	-2.275
107.1666667	-2.35
107.25	-2.516666667
107.3333333	-2.325
107.4166667	-2.183333333
107.5	-2.083333333
107.5833333	-1.941666667
107.6666667	-1.658333333
107.75	-1.416666667
107.8333333	-1.075
107.9166667	-0.875
108	-0.5
108.0833333	-0.108333333
108.1666667	0.333333333
108.25	0.608333333
108.3333333	0.875
108.4166667	1.15
108.5	1.4
108.5833333	1.666666667
108.6666667	1.741666667
108.75	1.966666667
108.8333333	2.016666667
108.9166667	2.116666667
109	2.091666667
109.0833333	1.8
109.1666667	1.591666667
109.25	1.491666667
109.3333333	1.191666667
109.4166667	0.916666667
109.5	0.658333333
109.5833333	0.183333333
109.6666667	-0.058333333
109.75	-0.283333333
109.8333333	-0.291666667
109.9166667	-0.366666667
110	-0.416666667
110.0833333	-0.391666667
110.1666667	-0.575
110.25	-0.65
110.3333333	-0.691666667
110.4166667	-0.65
110.5	-0.533333333
110.5833333	-0.216666667
110.6666667	-0.241666667
110.75	-0.375
110.8333333	-0.725
110.9166667	-0.791666667
111	-0.875
111.0833333	-0.908333333
111.1666667	-1.041666667
111.25	-1.25
111.3333333	-1.275
111.4166667	-1.525
111.5	-2.075
111.5833333	-2.258333333
111.6666667	-2.475
111.75	-2.525
111.8333333	-2.316666667
111.9166667	-2.4
112	-2.491666667
112.0833333	-2.375
112.1666667	-2.133333333
112.25	-2.2
112.3333333	-2.2
112.4166667	-2.008333333
112.5	-1.708333333
112.5833333	-1.691666667
112.6666667	-1.441666667
112.75	-1.466666667
112.8333333	-1.558333333
112.9166667	-1.583333333
113	-1.625
113.0833333	-1.825
113.1666667	-1.933333333
113.25	-1.875
113.3333333	-1.783333333
113.4166667	-1.658333333
113.5	-1.533333333
113.5833333	-1.366666667
113.6666667	-1.4
113.75	-1.425
113.8333333	-1.483333333
113.9166667	-1.425
114	-1.516666667
114.0833333	-1.558333333
114.1666667	-1.7
114.25	-1.708333333
114.3333333	-1.783333333
114.4166667	-2
114.5	-2.041666667
114.5833333	-2.1
114.6666667	-1.883333333
114.75	-1.791666667
114.8333333	-1.75
114.9166667	-1.658333333
115	-1.366666667
115.0833333	-1.133333333
115.1666667	-0.841666667
115.25	-0.666666667
115.3333333	-0.575
115.4166667	-0.475
115.5	-0.25
115.5833333	-0.2
115.6666667	-0.141666667
115.75	0.1
115.8333333	0.216666667
115.9166667	0.383333333
116	0.416666667
116.0833333	0.483333333
116.1666667	0.525
116.25	0.625
116.3333333	0.608333333
116.4166667	0.825
116.5	0.75
116.5833333	0.983333333
116.6666667	0.733333333
116.75	0.525
116.8333333	0.258333333
116.9166667	-0.141666667
117	-0.366666667
117.0833333	-0.708333333
117.1666667	-1.008333333
117.25	-1.325
117.3333333	-1.491666667
117.4166667	-1.775
117.5	-2.291666667
117.5833333	-2.875
117.6666667	-3.191666667
117.75	-3.341666667
117.8333333	-3.083333333
117.9166667	-2.716666667
118	-2.408333333
118.0833333	-1.991666667
118.1666667	-1.608333333
118.25	-1.216666667
118.3333333	-0.883333333
118.4166667	-0.516666667
118.5	0.2
118.5833333	0.666666667
118.6666667	1.258333333
118.75	1.708333333
118.8333333	1.708333333
118.9166667	1.6
119	1.5
119.0833333	1.375
119.1666667	1.2
119.25	1.191666667
119.3333333	1.2
119.4166667	1.216666667
119.5	1.041666667
119.5833333	1.158333333
119.6666667	1.175
119.75	1.15
119.8333333	1.166666667
119.9166667	1.091666667
120	0.966666667
120.0833333	1.008333333
120.1666667	1.158333333
120.25	1.166666667
120.3333333	1.291666667
120.4166667	1.175
120.5	1.233333333
120.5833333	1.216666667
120.6666667	1.15
120.75	0.983333333
120.8333333	0.841666667
120.9166667	0.916666667
121	0.916666667
121.0833333	0.733333333
121.1666667	0.616666667
121.25	0.433333333
121.3333333	0.258333333
121.4166667	0.008333333
121.5	-0.083333333
121.5833333	-0.158333333
121.6666667	-0.341666667
121.75	-0.383333333
121.8333333	-0.433333333
121.9166667	-0.516666667
122	-0.55
122.0833333	-0.633333333
122.1666667	-0.75
122.25	-0.8
122.3333333	-0.983333333
122.4166667	-1.016666667
122.5	-1.125
122.5833333	-1.416666667
122.6666667	-1.425
122.75	-1.433333333
122.8333333	-1.35
122.9166667	-1.416666667
123	-1.291666667
123.0833333	-1.116666667
123.1666667	-1.041666667
123.25	-0.983333333
123.3333333	-0.958333333
123.4166667	-0.616666667
123.5	-0.8
123.5833333	-0.483333333
123.6666667	-0.383333333
123.75	-0.5
123.8333333	-0.291666667
123.9166667	-0.316666667
124	-0.45
124.0833333	-0.508333333
124.1666667	-0.541666667
124.25	-0.541666667
124.3333333	-0.6
124.4166667	-0.9
124.5	-0.633333333
124.5833333	-1.341666667
124.6666667	-1.35
124.75	-1.308333333
124.8333333	-1.591666667
124.9166667	-1.4
125	-1.291666667
125.0833333	-1.3
125.1666667	-1.191666667
125.25	-0.991666667
125.3333333	-0.916666667
125.4166667	-0.791666667
125.5	-0.583333333
125.5833333	-0.05
125.6666667	0.175
125.75	0.433333333
125.8333333	0.475
125.9166667	0.375
126	0.258333333
126.0833333	0.15
126.1666667	0
126.25	-0.383333333
126.3333333	-0.333333333
126.4166667	-0.375
126.5	-0.766666667
126.5833333	-0.8
126.6666667	-1.041666667
126.75	-1.216666667
126.8333333	-1.15
126.9166667	-1.033333333
127	-0.991666667
127.0833333	-0.766666667
127.1666667	-0.65
127.25	-0.35
127.3333333	-0.241666667
127.4166667	0.066666667
127.5	0.475
127.5833333	0.9
127.6666667	1.108333333
127.75	1.233333333
127.8333333	1.241666667
127.9166667	1.258333333
128	1.35
128.0833333	1.45
128.1666667	1.625
128.25	1.733333333
128.3333333	1.816666667
128.4166667	1.783333333
128.5	1.683333333
128.5833333	1.566666667
128.6666667	1.391666667
128.75	1.408333333
128.8333333	1.391666667
128.9166667	1.308333333
129	1.3
129.0833333	1.1
129.1666667	0.95
129.25	0.541666667
129.3333333	0.233333333
129.4166667	-0.116666667
129.5	-0.483333333
129.5833333	-1.025
129.6666667	-1.2
129.75	-1.125
129.8333333	-0.958333333
129.9166667	-0.908333333
130	-0.658333333
130.0833333	-0.333333333
130.1666667	-0.025
130.25	0.441666667
130.3333333	0.75
130.4166667	1.325
130.5	1.883333333
130.5833333	2.566666667
130.6666667	3.075
130.75	3.175
130.8333333	3.091666667
130.9166667	3.075
131	2.95
131.0833333	2.733333333
131.1666667	2.55
131.25	2.391666667
131.3333333	2.35
131.4166667	2.283333333
131.5	2.091666667
131.5833333	1.725
131.6666667	1.425
131.75	1.083333333
131.8333333	1.025
131.9166667	0.908333333
132	0.733333333
132.0833333	0.633333333
132.1666667	0.491666667
132.25	0.425
132.3333333	0.3
132.4166667	-0.191666667
132.5	-0.383333333
132.5833333	-0.5
132.6666667	-0.358333333
132.75	-0.283333333
132.8333333	-0.158333333
132.9166667	0.133333333
133	0.275
133.0833333	0.4
133.1666667	0.408333333
133.25	0.427272727
133.3333333	0.43
133.4166667	0.644444444
133.5	0.775
133.5833333	1.042857143
133.6666667	0.9
