0	1.314818264
0.083333333	1.238090651
0.166666667	1.167302508
0.25	1.092210455
0.333333333	1.023079195
0.416666667	0.950085196
0.5	0.87707844
0.583333333	0.758143529
0.666666667	0.607034061
0.75	0.424719794
0.833333333	0.249571865
0.916666667	0.080287304
1	-0.083026306
1.083333333	-0.22207956
1.166666667	-0.328588436
1.25	-0.427405004
1.333333333	-0.506103229
1.416666667	-0.585984886
1.5	-0.666458258
1.583333333	-0.755215655
1.666666667	-0.834505596
1.75	-0.874150566
1.833333333	-0.856990803
1.916666667	-0.835689028
2	-0.816754116
2.083333333	-0.793677193
2.166666667	-0.805511513
2.25	-0.82207956
2.333333333	-0.828588436
2.416666667	-0.845156483
2.5	-0.854032223
2.583333333	-0.82799672
2.666666667	-0.765866543
2.75	-0.683026306
2.833333333	-0.612612105
2.916666667	-0.587168318
3	-0.593085478
3.083333333	-0.614978969
3.166666667	-0.615570685
3.25	-0.569416839
3.333333333	-0.53983104
3.416666667	-0.52503814
3.5	-0.511428673
3.583333333	-0.493677193
3.666666667	-0.502552933
3.75	-0.516754116
3.833333333	-0.554032223
3.916666667	-0.611428673
4	-0.649890211
4.083333333	-0.645748199
4.166666667	-0.612020389
4.25	-0.606694945
4.333333333	-0.612612105
4.416666667	-0.621487844
4.5	-0.621597097
4.583333333	-0.622932311
4.666666667	-0.625568753
4.75	-0.634822551
4.833333333	-0.673188328
4.916666667	-0.698590593
5	-0.692188125
5.083333333	-0.663961199
5.166666667	-0.650448277
5.25	-0.653454093
5.333333333	-0.641030915
5.416666667	-0.633375981
5.5	-0.59558298
5.583333333	-0.545358241
5.666666667	-0.465184661
5.75	-0.372343976
5.833333333	-0.240134455
5.916666667	-0.059592049
6	0.122400062
6.083333333	0.305092369
6.166666667	0.47652235
6.25	0.649416827
6.333333333	0.820264953
6.416666667	0.980619983
6.5	1.13805588
6.583333333	1.27279947
6.666666667	1.383637734
6.75	1.461241284
6.833333333	1.504293553
6.916666667	1.518011501
7	1.479683099
7.083333333	1.413568701
7.166666667	1.306527281
7.25	1.162838918
7.333333333	1.001606176
7.416666667	0.83458448
7.5	0.653036156
7.583333333	0.457917813
7.666666667	0.254288622
7.75	0.037607162
7.833333333	-0.18852696
7.916666667	-0.394966802
8	-0.637703489
8.083333333	-0.858152207
8.166666667	-1.090385934
8.25	-1.28418771
8.333333333	-1.436056546
8.416666667	-1.552471733
8.5	-1.645760688
8.583333333	-1.706746881
8.666666667	-1.736766605
8.75	-1.7416384
8.833333333	-1.694172917
8.916666667	-1.590346487
9	-1.459666013
9.083333333	-1.244656152
9.166666667	-1.013586132
9.25	-0.714626566
9.333333333	-0.424143331
9.416666667	-0.144044712
9.5	0.095417813
9.583333333	0.316759036
9.666666667	0.532094342
9.75	0.721823139
9.833333333	0.896941482
9.916666667	1.020186058
10	1.10060519
10.08333333	1.123046018
10.16666667	1.074900062
10.25	0.999106176
10.33333333	0.880072645
10.41666667	0.753401048
10.5	0.612286649
10.58333333	0.486537143
10.66666667	0.362118997
10.75	0.222710712
10.83333333	0.083381324
10.91666667	-0.058448065
11	-0.175519071
11.08333333	-0.317950037
11.16666667	-0.409809012
11.25	-0.456396783
11.33333333	-0.484838597
11.41666667	-0.49270842
11.5	-0.485070353
11.58333333	-0.454587118
11.66666667	-0.409932286
11.75	-0.341470747
11.83333333	-0.270903686
11.91666667	-0.183226171
12	-0.071391852
12.08333333	0.043440495
12.16666667	0.207306373
12.25	0.347252132
12.33333333	0.474194933
12.41666667	0.597365545
12.5	0.708494736
12.58333333	0.80754306
12.66666667	0.90040302
12.75	0.987666334
12.83333333	1.053401048
12.91666667	1.123746215
13	1.203839904
13.08333333	1.264446413
13.16666667	1.313874421
13.25	1.346330042
13.33333333	1.3666259
13.41666667	1.367518405
13.5	1.354648582
13.58333333	1.30953517
13.66666667	1.256241285
13.75	1.186206768
13.83333333	1.097449371
13.91666667	1.004096314
14	0.921966137
14.08333333	0.804653513
14.16666667	0.675689016
14.25	0.551295525
14.33333333	0.423613079
14.41666667	0.312385269
14.5	0.207015446
14.58333333	0.099525308
14.66666667	0.030610121
14.75	-0.033605856
14.83333333	-0.094952009
14.91666667	-0.142974692
15	-0.178107828
15.08333333	-0.218206447
15.16666667	-0.251204475
15.25	-0.27082479
15.33333333	-0.322738005
15.41666667	-0.393024001
15.5	-0.470346487
15.58333333	-0.54852696
15.66666667	-0.617821832
15.75	-0.704991457
15.83333333	-0.787180806
15.91666667	-0.86811769
16	-0.953921437
16.08333333	-1.062530905
16.16666667	-1.207131497
16.25	-1.35403485
16.33333333	-1.514705461
16.41666667	-1.622023015
16.5	-1.692180806
16.58333333	-1.741431299
16.66666667	-1.766500333
16.75	-1.772757729
16.83333333	-1.765119662
16.91666667	-1.74046483
17	-1.689005264
17.08333333	-1.60959698
17.16666667	-1.483078242
17.25	-1.298916507
17.33333333	-1.090982581
17.41666667	-0.858004278
17.5	-0.639123607
17.58333333	-0.427417493
17.66666667	-0.220272522
17.75	-0.025790274
17.83333333	0.154091383
17.91666667	0.341877379
18	0.516847793
18.08333333	0.672612093
18.16666667	0.813346807
18.25	0.905930634
18.33333333	0.959214657
18.41666667	0.993302428
18.5	1.011640693
18.58333333	1.006334973
18.66666667	0.983213671
18.75	0.945901048
18.83333333	0.913519391
18.91666667	0.874244243
19	0.809056866
19.08333333	0.715176196
19.16666667	0.581926689
19.25	0.415753119
19.33333333	0.26142373
19.41666667	0.142326097
19.5	0.047814263
19.58333333	-0.029917493
19.66666667	-0.096475678
19.75	-0.169508222
19.83333333	-0.248941161
19.91666667	-0.354966802
20	-0.450144317
20.08333333	-0.518793232
20.16666667	-0.542979623
20.25	-0.495435244
20.33333333	-0.407713351
20.41666667	-0.295351418
20.5	-0.210948065
20.58333333	-0.145395796
20.66666667	-0.11480408
20.75	-0.086934258
20.83333333	-0.036559505
20.91666667	0.027745229
21	0.135930634
21.08333333	0.235669292
21.16666667	0.32897304
21.25	0.395260022
21.33333333	0.429298484
21.41666667	0.448238326
21.5	0.433627872
21.58333333	0.400777774
21.66666667	0.341975998
21.75	0.311034184
21.83333333	0.303553908
21.91666667	0.293933592
22	0.271433592
22.08333333	0.187927675
22.16666667	0.12963872
22.25	0.066261008
22.33333333	0.012133789
22.41666667	-0.050859307
22.5	-0.109833666
22.58333333	-0.154207433
22.66666667	-0.158329721
22.75	-0.11418771
22.83333333	-0.067693627
22.91666667	-0.014730116
23	0.053450357
23.08333333	0.162557852
23.16666667	0.330935564
23.25	0.483060811
23.33333333	0.627612093
23.41666667	0.755501639
23.5	0.882464164
23.58333333	1.001315249
23.66666667	1.122015446
23.75	1.216413868
23.83333333	1.268647596
23.91666667	1.313593355
24	1.306542073
24.08333333	1.239313277
24.16666667	1.087824125
24.25	0.87177876
24.33333333	0.600008543
24.41666667	0.302222547
24.5	0.005324125
24.58333333	-0.283926368
24.66666667	-0.575593035
24.75	-0.878699544
24.83333333	-1.191786329
24.91666667	-1.486801122
25	-1.792023015
25.08333333	-2.069237019
25.16666667	-2.291145303
25.25	-2.433842542
25.33333333	-2.51286128
25.41666667	-2.518329721
25.5	-2.464917493
25.58333333	-2.36668771
25.66666667	-2.241539781
25.75	-2.095114731
25.83333333	-1.914572325
25.91666667	-1.694172917
26	-1.446771536
26.08333333	-1.186426368
26.16666667	-0.914863252
26.25	-0.657106842
26.33333333	-0.421110787
26.41666667	-0.198763646
26.5	0.004766925
26.58333333	0.168371462
26.66666667	0.287976985
26.75	0.360126886
26.83333333	0.406571659
26.91666667	0.418292566
27	0.396206768
27.08333333	0.353090397
27.16666667	0.304135762
27.25	0.25504306
27.33333333	0.210945426
27.41666667	0.162168306
27.5	0.112843848
27.58333333	0.062617024
27.66666667	0.052676196
27.75	0.062222547
27.83333333	0.098997695
27.91666667	0.146675209
28	0.197040101
28.08333333	0.268119983
28.16666667	0.326004598
28.25	0.382676196
28.33333333	0.42570874
28.41666667	0.47703517
28.5	0.543839904
28.58333333	0.599554894
28.66666667	0.651877379
28.75	0.662109135
28.83333333	0.665319194
28.91666667	0.667222547
29	0.683475012
29.08333333	0.72958448
29.16666667	0.785008543
29.25	0.855442468
29.33333333	0.940161403
29.41666667	1.041709726
29.5	1.130723533
29.58333333	1.202301442
29.66666667	1.280955288
29.75	1.365777774
29.83333333	1.476877379
29.91666667	1.598346807
30	1.710664361
30.08333333	1.803001639
30.16666667	1.855136748
30.25	1.876187044
30.33333333	1.881763967
30.41666667	1.862602231
30.5	1.800989805
30.58333333	1.705358641
30.66666667	1.594515446
30.75	1.450585466
30.83333333	1.282907951
30.91666667	1.08320874
31	0.841211699
31.08333333	0.578277774
31.16666667	0.308124914
31.25	0.036315249
31.33333333	-0.231968775
31.41666667	-0.490893824
31.5	-0.728369169
31.58333333	-0.934103883
31.66666667	-1.102170944
31.75	-1.253827749
31.83333333	-1.365800136
31.91666667	-1.464567394
32	-1.546613745
32.08333333	-1.592742936
32.16666667	-1.593926368
32.25	-1.577728144
32.33333333	-1.532595007
32.41666667	-1.474809011
32.5	-1.414690668
32.58333333	-1.370785343
32.66666667	-1.33113051
32.75	-1.304005264
32.83333333	-1.280095007
32.91666667	-1.277910589
33	-1.267328735
33.08333333	-1.246727157
33.16666667	-1.213448065
33.25	-1.211455954
33.33333333	-1.214143331
33.41666667	-1.234976664
33.5	-1.26331986
33.58333333	-1.303704475
33.66666667	-1.339848459
33.75	-1.371806053
33.83333333	-1.392195599
33.91666667	-1.393970747
34	-1.407516112
34.08333333	-1.423028932
34.16666667	-1.469759702
34.25	-1.552131497
34.33333333	-1.600760688
34.41666667	-1.623413548
34.5	-1.599153193
34.58333333	-1.545992443
34.66666667	-1.453275481
34.75	-1.332747867
34.83333333	-1.21918771
34.91666667	-1.093773508
35	-0.977565422
35.08333333	-0.810888893
35.16666667	-0.64730408
35.25	-0.434306053
35.33333333	-0.186110787
35.41666667	0.038297497
35.5	0.243396117
35.58333333	0.401946413
35.66666667	0.529293553
35.75	0.618746215
35.83333333	0.683021363
35.91666667	0.781616038
36	0.856956274
36.08333333	0.932764953
36.16666667	1.001334973
36.25	1.093662389
36.33333333	1.176601245
36.41666667	1.251438523
36.5	1.344194933
36.58333333	1.437409923
36.66666667	1.554254105
36.75	1.68718803
36.83333333	1.84014661
36.91666667	2.010329056
37	2.150047991
37.08333333	2.308761008
37.16666667	2.444239312
37.25	2.551290594
37.33333333	2.627631817
37.41666667	2.666867517
37.5	2.667947399
37.58333333	2.623011501
37.66666667	2.533262981
37.75	2.392271856
37.83333333	2.226768898
37.91666667	2.021783691
38	1.755684085
38.08333333	1.458149569
38.16666667	1.112661403
38.25	0.787123928
38.33333333	0.4500973
38.41666667	0.103795525
38.5	-0.225869169
38.58333333	-0.520957926
38.66666667	-0.786559504
38.75	-1.018191654
38.83333333	-1.220731102
38.91666667	-1.419177848
39	-1.57939481
39.08333333	-1.679873114
39.16666667	-1.741165027
39.25	-1.754764633
39.33333333	-1.77270842
39.41666667	-1.764473706
39.5	-1.723591063
39.58333333	-1.666781398
39.66666667	-1.600524002
39.75	-1.534848459
39.83333333	-1.454705461
39.91666667	-1.346086132
40	-1.199932286
40.08333333	-1.057585146
40.16666667	-0.913265619
40.25	-0.775149248
40.33333333	-0.644562463
40.41666667	-0.484878045
40.5	-0.332466802
40.58333333	-0.208595994
40.66666667	-0.093043725
40.75	0.012508543
40.83333333	0.130654499
40.91666667	0.248997695
41	0.345762981
41.08333333	0.414293553
41.16666667	0.475915841
41.25	0.507321166
41.33333333	0.541926689
41.41666667	0.571842862
41.5	0.55275016
41.58333333	0.529697892
41.66666667	0.533041087
41.75	0.535274815
41.83333333	0.532602231
41.91666667	0.526399075
42	0.510186057
42.08333333	0.491300456
42.16666667	0.474821166
42.25	0.46208448
42.33333333	0.470230436
42.41666667	0.479012488
42.5	0.47519592
42.58333333	0.47555588
42.66666667	0.468292567
42.75	0.436990791
42.83333333	0.387252133
42.91666667	0.333253119
43	0.251379352
43.08333333	0.162227478
43.16666667	0.073193947
43.25	-0.03607627
43.33333333	-0.146682779
43.41666667	-0.263522029
43.5	-0.379527946
43.58333333	-0.464868183
43.66666667	-0.508522029
43.75	-0.521884948
43.83333333	-0.509961871
43.91666667	-0.465025974
44	-0.412614731
44.08333333	-0.317718282
44.16666667	-0.202604869
44.25	-0.078699544
44.33333333	0.074618997
44.41666667	0.212434578
44.5	0.331532212
44.58333333	0.428021363
44.66666667	0.490777774
44.75	0.50785371
44.83333333	0.488272843
44.91666667	0.434140693
45	0.351113079
45.08333333	0.240610121
45.16666667	0.075338918
45.25	-0.121939189
45.33333333	-0.335499347
45.41666667	-0.56286128
45.5	-0.77342341
45.58333333	-0.960977651
45.66666667	-1.118615718
45.75	-1.251796191
45.83333333	-1.349084159
45.91666667	-1.412387907
46	-1.43908909
46.08333333	-1.444690668
46.16666667	-1.387018085
46.25	-1.275642345
46.33333333	-1.134108814
46.41666667	-0.974670944
46.5	-0.802757729
46.58333333	-0.638280412
46.66666667	-0.469730116
46.75	-0.320060491
46.83333333	-0.190543725
46.91666667	-0.065948065
47	0.025496709
47.08333333	0.10805588
47.16666667	0.197015446
47.25	0.239155486
47.33333333	0.252636748
47.41666667	0.243977971
47.5	0.222404993
47.58333333	0.200057852
47.66666667	0.198553908
47.75	0.196842862
47.83333333	0.206458247
47.91666667	0.248598286
48	0.291709726
48.08333333	0.38514661
48.16666667	0.46331229
48.25	0.515955288
48.33333333	0.55861801
48.41666667	0.60918014
48.5	0.678228464
48.58333333	0.750891186
48.66666667	0.808149568
48.75	0.846818207
48.83333333	0.876635762
48.91666667	0.907513474
49	0.918346807
49.08333333	0.908455288
49.16666667	0.843706768
49.25	0.78091091
49.33333333	0.728124913
49.41666667	0.698154499
49.5	0.663115052
49.58333333	0.615767912
49.66666667	0.564259036
49.75	0.525215643
49.83333333	0.481759036
49.91666667	0.425491777
50	0.364959233
50.08333333	0.269204795
50.16666667	0.180195919
50.25	0.117942468
50.33333333	0.072838918
50.41666667	0.037587438
50.5	0.009924716
50.58333333	-0.014690668
50.66666667	-0.028344514
50.75	-0.03883268
50.83333333	-0.061564435
50.91666667	-0.069631497
51	-0.05944412
51.08333333	-0.063921437
51.16666667	-0.023492443
51.25	0.000210713
51.33333333	0.013918799
51.41666667	0.004209726
51.5	-0.040030905
51.58333333	-0.111115717
51.66666667	-0.186091063
51.75	-0.275711378
51.83333333	-0.358867197
51.91666667	-0.427057532
52	-0.526209406
52.08333333	-0.629000333
52.16666667	-0.717693627
52.25	-0.807392838
52.33333333	-0.855218282
52.41666667	-0.90470053
52.5	-0.938941161
52.58333333	-0.935602897
52.66666667	-0.907008223
52.75	-0.861451023
52.83333333	-0.797728144
52.91666667	-0.724631497
53	-0.654518085
53.08333333	-0.546648262
53.16666667	-0.44561769
53.25	-0.339266605
53.33333333	-0.250736033
53.41666667	-0.180952996
53.5	-0.099419465
53.58333333	-0.045454968
53.66666667	-0.007654179
53.75	0.019416827
53.83333333	0.041872448
53.91666667	0.046833
54	0.037967123
54.08333333	0.013060811
54.16666667	-0.013393824
54.25	-0.031135441
54.33333333	-0.062343528
54.41666667	-0.082481595
54.5	-0.111707433
54.58333333	-0.146421437
54.66666667	-0.126919465
54.75	-0.088694613
54.83333333	-0.049799149
54.91666667	-0.032284356
55	-0.004907631
55.08333333	0.016108148
55.16666667	0.057286649
55.25	0.078425703
55.33333333	0.099051935
55.41666667	0.128598286
55.5	0.161719588
55.58333333	0.19422945
55.66666667	0.229495722
55.75	0.230151541
55.83333333	0.197735367
55.91666667	0.165003612
56	0.163879351
56.08333333	0.157483888
56.16666667	0.166620969
56.25	0.169717616
56.33333333	0.176078562
56.41666667	0.177148582
56.5	0.174308345
56.58333333	0.162967123
56.66666667	0.168267912
56.75	0.16458448
56.83333333	0.161285663
56.91666667	0.195629845
57	0.237562783
57.08333333	0.254914854
57.16666667	0.277370476
57.25	0.287133789
57.33333333	0.303509529
57.41666667	0.335560811
57.5	0.384116038
57.58333333	0.448332014
57.66666667	0.52029947
57.75	0.593297498
57.83333333	0.675940496
57.91666667	0.782099273
58	0.882592369
58.08333333	0.975610121
58.16666667	1.082109135
58.25	1.198129845
58.33333333	1.314880338
58.41666667	1.411606176
58.5	1.491285663
58.58333333	1.537686058
58.66666667	1.550762981
58.75	1.533529253
58.83333333	1.484880338
58.91666667	1.421172251
59	1.32315943
59.08333333	1.185008543
59.16666667	1.02668014
59.25	0.844712685
59.33333333	0.634155486
59.41666667	0.411527281
59.5	0.186690002
59.58333333	-0.058334652
59.66666667	-0.301268577
59.75	-0.533112759
59.83333333	-0.733324791
59.91666667	-0.927782384
60	-1.112190668
60.08333333	-1.301845501
60.16666667	-1.470908617
60.25	-1.615755757
60.33333333	-1.741781398
60.41666667	-1.851771536
60.5	-1.949675876
60.58333333	-2.037161083
60.66666667	-2.089582187
60.75	-2.126524988
60.83333333	-2.146465816
60.91666667	-2.176564436
61	-2.183783371
61.08333333	-2.181820846
61.16666667	-2.145765619
61.25	-2.094094021
61.33333333	-2.033428341
61.41666667	-1.964498361
61.5	-1.883980609
61.58333333	-1.777984554
61.66666667	-1.641234061
61.75	-1.498960885
61.83333333	-1.340242937
61.91666667	-1.165440175
62	-0.966234061
62.08333333	-0.745898755
62.16666667	-0.524513153
62.25	-0.299656151
62.33333333	-0.077816901
62.41666667	0.119781718
62.5	0.304614065
62.58333333	0.487123927
62.66666667	0.651053908
62.75	0.787735367
62.83333333	0.904416827
62.91666667	1.000984874
63	1.047991778
63.08333333	1.06723734
63.16666667	1.051665348
63.25	1.021413868
63.33333333	0.965205782
63.41666667	0.897227478
63.5	0.839835959
63.58333333	0.786275801
63.66666667	0.721892172
63.75	0.639707754
63.83333333	0.542454302
63.91666667	0.451892172
64	0.382888227
64.08333333	0.356034184
64.16666667	0.343854697
64.25	0.326650555
64.33333333	0.318396117
64.41666667	0.322898089
64.5	0.337429647
64.58333333	0.368844835
64.66666667	0.40341091
64.75	0.437025308
64.83333333	0.487168306
64.91666667	0.563583493
65	0.627286649
65.08333333	0.670052922
65.16666667	0.682474026
65.25	0.66331229
65.33333333	0.64963872
65.41666667	0.622173237
65.5	0.57377087
65.58333333	0.510876393
65.66666667	0.404475998
65.75	0.270930634
65.83333333	0.135550949
65.91666667	-0.00628337
66	-0.173931299
66.08333333	-0.333911576
66.16666667	-0.482925382
66.25	-0.619315915
66.33333333	-0.736209406
66.41666667	-0.839153193
66.5	-0.915745895
66.58333333	-0.960198558
66.66666667	-0.978413548
66.75	-0.95643623
66.83333333	-0.892018084
66.91666667	-0.814177848
67	-0.728877059
67.08333333	-0.626199544
67.16666667	-0.519380017
67.25	-0.427959899
67.33333333	-0.328738992
67.41666667	-0.219966802
67.5	-0.119335639
67.58333333	-0.046169958
67.66666667	0.000126886
67.75	0.024678168
67.83333333	0.042858641
67.91666667	0.028598286
68	-0.007501319
68.08333333	-0.040075284
68.16666667	-0.06531197
68.25	-0.084606842
68.33333333	-0.100588104
68.41666667	-0.136717296
68.5	-0.176465816
68.58333333	-0.221712365
68.66666667	-0.248028933
68.75	-0.251031891
68.83333333	-0.261036822
68.91666667	-0.272856349
69	-0.259123607
69.08333333	-0.201643331
69.16666667	-0.134730116
69.25	-0.071958913
69.33333333	-0.011401714
69.41666667	0.0766259
69.5	0.205245229
69.58333333	0.343228464
69.66666667	0.497755091
69.75	0.658248188
69.83333333	0.811872448
69.91666667	1.009707754
70	1.209816235
70.08333333	1.397666334
70.16666667	1.527626886
70.25	1.6166259
70.33333333	1.677587438
70.41666667	1.724066728
70.5	1.715718602
70.58333333	1.653223533
70.66666667	1.555324124
70.75	1.424776787
70.83333333	1.254673237
70.91666667	1.059268898
71	0.793470081
71.08333333	0.493553908
71.16666667	0.185358641
71.25	-0.09434057
71.33333333	-0.338704475
71.41666667	-0.548546684
71.5	-0.743734061
71.58333333	-0.897225185
71.66666667	-1.020548656
71.75	-1.106949051
71.83333333	-1.159961871
71.91666667	-1.191391851
72	-1.190292246
72.08333333	-1.147570352
72.16666667	-1.07459698
72.25	-0.993591063
72.33333333	-0.927585145
72.41666667	-0.880267591
72.5	-0.850701516
72.58333333	-0.84633268
72.66666667	-0.860509209
72.75	-0.877673903
72.83333333	-0.913852404
72.91666667	-0.967230116
73	-0.994789288
73.08333333	-1.042363252
73.16666667	-1.087077256
73.25	-1.122994416
73.33333333	-1.155385935
73.41666667	-1.155504278
73.5	-1.142210392
73.58333333	-1.114256743
73.66666667	-1.047121635
73.75	-0.955987512
73.83333333	-0.863403686
73.91666667	-0.747629524
74	-0.627412562
74.08333333	-0.516707434
74.16666667	-0.390149248
74.25	-0.270676861
74.33333333	-0.158275481
74.41666667	-0.041993429
74.5	0.07550164
74.58333333	0.197735367
74.66666667	0.317582507
74.75	0.431507557
74.83333333	0.543637734
74.91666667	0.663322152
75	0.765950358
75.08333333	0.89167521
75.16666667	0.998864559
75.25	1.105126886
75.33333333	1.230373434
75.41666667	1.35029947
75.5	1.463193947
75.58333333	1.550984874
75.66666667	1.617641679
75.75	1.680274815
75.83333333	1.716019391
75.91666667	1.736438523
76	1.742015446
76.08333333	1.728839904
76.16666667	1.674505584
76.25	1.617316235
76.33333333	1.535649569
76.41666667	1.419673237
76.5	1.29606377
76.58333333	1.151561797
76.66666667	0.993401048
76.75	0.843080535
76.83333333	0.659855683
76.91666667	0.484209726
77	0.278647596
77.08333333	0.063272843
77.16666667	-0.133408617
77.25	-0.307378045
77.33333333	-0.479892838
77.41666667	-0.627269564
77.5	-0.754330708
77.58333333	-0.868951023
77.66666667	-0.958176862
77.75	-1.020035836
77.83333333	-1.083467789
77.91666667	-1.114084159
78	-1.145381004
78.08333333	-1.140765619
78.16666667	-1.104523015
78.25	-1.064301122
78.33333333	-1.026441161
78.41666667	-0.977649248
78.5	-0.939971733
78.58333333	-0.914054574
78.66666667	-0.898556546
78.75	-0.881672917
78.83333333	-0.861914534
78.91666667	-0.823305067
79	-0.779631497
79.08333333	-0.720425382
79.16666667	-0.64097272
79.25	-0.580824791
79.33333333	-0.523364238
79.41666667	-0.473260688
79.5	-0.41607627
79.58333333	-0.345025974
79.66666667	-0.252683765
79.75	-0.154128538
79.83333333	-0.058452996
79.91666667	0.026837931
80	0.087528267
80.08333333	0.148726491
80.16666667	0.180289608
80.25	0.191182113
80.33333333	0.202128858
80.41666667	0.207079549
80.5	0.223568701
80.58333333	0.226714657
80.66666667	0.217326097
80.75	0.183228464
80.83333333	0.156448385
80.91666667	0.137710712
81	0.133277774
81.08333333	0.137927675
81.16666667	0.124002626
81.25	0.156334973
81.33333333	0.18968803
81.41666667	0.227868503
81.5	0.272005584
81.58333333	0.312498681
81.66666667	0.363627872
81.75	0.424352724
81.83333333	0.503982902
81.91666667	0.571369489
82	0.621551935
82.08333333	0.639254105
82.16666667	0.670610121
82.25	0.721330042
82.33333333	0.748218602
82.41666667	0.751418799
82.5	0.744766925
82.58333333	0.732523336
82.66666667	0.70790302
82.75	0.655836945
82.83333333	0.577523336
82.91666667	0.473751146
83	0.36820874
83.08333333	0.254875407
83.16666667	0.163050949
83.25	0.061847793
83.33333333	-0.054739978
83.41666667	-0.170425382
83.5	-0.25255556
83.58333333	-0.311776467
83.66666667	-0.349296191
83.75	-0.357989485
83.83333333	-0.329631497
83.91666667	-0.276584159
84	-0.196268577
84.08333333	-0.102274495
84.16666667	0.011285663
84.25	0.107483888
84.33333333	0.191537142
84.41666667	0.272143651
84.5	0.325615052
84.58333333	0.350674223
84.66666667	0.334234381
84.75	0.274909924
84.83333333	0.168203809
84.91666667	0.045205782
85	-0.094828735
85.08333333	-0.244606842
85.16666667	-0.419449051
85.25	-0.608349445
85.33333333	-0.782442148
85.41666667	-0.948226171
85.5	-1.096603883
85.58333333	-1.197116704
85.66666667	-1.275351418
85.75	-1.318383962
85.83333333	-1.327141359
85.91666667	-1.296460885
86	-1.250168972
86.08333333	-1.162792246
86.16666667	-1.062466802
86.25	-0.93174195
86.33333333	-0.790879031
86.41666667	-0.641362266
86.5	-0.490080215
86.58333333	-0.341150234
86.66666667	-0.212427355
86.75	-0.089868183
86.83333333	0.022173237
86.91666667	0.119604203
87	0.217020377
87.08333333	0.293509529
87.16666667	0.32208448
87.25	0.329426689
87.33333333	0.339949371
87.41666667	0.359451344
87.5	0.37279947
87.58333333	0.384895131
87.66666667	0.384717616
87.75	0.373415841
87.83333333	0.357321166
87.91666667	0.348282704
88	0.333356669
88.08333333	0.29270085
88.16666667	0.243731422
88.25	0.209337931
88.33333333	0.179219588
88.41666667	0.118534184
88.5	0.030121955
88.58333333	-0.073877059
88.66666667	-0.188339583
88.75	-0.306884948
88.83333333	-0.417136427
88.91666667	-0.517166013
89	-0.63771335
89.08333333	-0.744449051
89.16666667	-0.826308025
89.25	-0.897230116
89.33333333	-0.956658124
89.41666667	-1.001007236
89.5	-1.035410589
89.58333333	-1.044759702
89.66666667	-1.025410589
89.75	-0.977151221
89.83333333	-0.891579228
89.91666667	-0.786845501
90	-0.691820846
90.08333333	-0.552535836
90.16666667	-0.384207434
90.25	-0.212950037
90.33333333	-0.030952996
90.41666667	0.139406965
90.5	0.290787635
90.58333333	0.463662389
90.66666667	0.639609134
90.75	0.801502626
90.83333333	0.940289608
90.91666667	1.036961205
91	1.097996708
91.08333333	1.167671265
91.16666667	1.190881324
91.25	1.159234381
91.33333333	1.0798902
91.41666667	0.976053908
91.5	0.858440495
91.58333333	0.739870476
91.66666667	0.578450357
91.75	0.379194933
91.83333333	0.157947399
91.91666667	-0.077067394
92	-0.301165027
92.08333333	-0.529335639
92.16666667	-0.768388893
92.25	-0.992166013
92.33333333	-1.185011181
92.41666667	-1.314473706
92.5	-1.411667986
92.58333333	-1.462639386
92.66666667	-1.481219268
92.75	-1.452101911
92.83333333	-1.357087118
92.91666667	-1.21883268
93	-1.021022029
93.08333333	-0.794710392
93.16666667	-0.50903485
93.25	-0.212545698
93.33333333	0.095388227
93.41666667	0.393479943
93.5	0.66555588
93.58333333	0.921211699
93.66666667	1.149254105
93.75	1.348031225
93.83333333	1.516453316
93.91666667	1.618095328
94	1.670003612
94.08333333	1.661053908
94.16666667	1.620092369
94.25	1.5291259
94.33333333	1.429081521
94.41666667	1.320797497
94.5	1.232715643
94.58333333	1.149244243
94.66666667	1.084140693
94.75	1.022296511
94.83333333	0.971103217
94.91666667	0.953189016
95	0.976009529
95.08333333	1.047755091
95.16666667	1.148780732
95.25	1.248751146
95.33333333	1.352927675
95.41666667	1.455822152
95.5	1.537020377
95.58333333	1.569988819
95.66666667	1.567049963
95.75	1.527508543
95.83333333	1.475373434
95.91666667	1.402508543
96	1.278928661
96.08333333	1.139130831
96.16666667	0.950634776
96.25	0.733356669
96.33333333	0.517118996
96.41666667	0.291946413
96.5	0.05861801
96.58333333	-0.155336625
96.66666667	-0.335267591
96.75	-0.487195599
96.83333333	-0.637175875
96.91666667	-0.798112759
97	-0.941682779
97.08333333	-1.084518084
97.16666667	-1.241278439
97.25	-1.364942147
97.33333333	-1.448058518
97.41666667	-1.510849445
97.5	-1.537905658
97.58333333	-1.535716309
97.66666667	-1.518142345
97.75	-1.500533863
97.83333333	-1.467900727
97.91666667	-1.404330708
98	-1.312723213
98.08333333	-1.208960885
98.16666667	-1.050090077
98.25	-0.869680806
98.33333333	-0.68617982
98.41666667	-0.531460885
98.5	-0.377925382
98.58333333	-0.252930313
98.66666667	-0.142387907
98.75	-0.04908909
98.83333333	0.04229158
98.91666667	0.112429647
99	0.174796511
99.08333333	0.234954302
99.16666667	0.264648582
99.25	0.260644637
99.33333333	0.253904006
99.41666667	0.230329056
99.5	0.210067714
99.58333333	0.167094342
99.66666667	0.13418014
99.75	0.096645624
99.83333333	0.061517419
99.91666667	0.029061797
100	0.016665348
100.0833333	-0.008951023
100.1666667	-0.059227157
100.25	-0.084498361
100.3333333	-0.088019071
100.4166667	-0.080489485
100.5	-0.053965816
100.5833333	-0.015879031
100.6666667	0.038346807
100.75	0.090600259
100.8333333	0.149051935
100.9166667	0.217217616
101	0.295343848
101.0833333	0.358164361
101.1666667	0.434224519
101.25	0.54642373
101.3333333	0.649342862
101.4166667	0.713302428
101.5	0.736694933
101.5833333	0.718119983
101.6666667	0.670866531
101.75	0.595679154
101.8333333	0.498588425
101.9166667	0.371690002
102	0.191813277
102.0833333	-0.057698558
102.1666667	-0.336505264
102.25	-0.635060491
102.3333333	-0.946288301
102.4166667	-1.254301122
102.5	-1.534266605
102.5833333	-1.771594021
102.6666667	-1.947639386
102.75	-2.081574297
102.8333333	-2.174675875
102.9166667	-2.217979623
103	-2.209606842
103.0833333	-2.113349445
103.1666667	-1.928265619
103.25	-1.679582187
103.3333333	-1.406278439
103.4166667	-1.151549643
103.5	-0.896451023
103.5833333	-0.640277453
103.6666667	-0.39704767
103.75	-0.202013153
103.8333333	-0.028812956
103.9166667	0.125738326
104	0.248790594
104.0833333	0.355629845
104.1666667	0.414333
104.25	0.45734089
104.3333333	0.469402034
104.4166667	0.461828069
104.5	0.471902034
104.5833333	0.486034184
104.6666667	0.491754105
104.75	0.487232409
104.8333333	0.502069687
104.9166667	0.517814263
105	0.546754105
105.0833333	0.569707754
105.1666667	0.572449371
105.25	0.576892172
105.3333333	0.548351738
105.4166667	0.52310519
105.5	0.516009529
105.5833333	0.499451344
105.6666667	0.465255091
105.75	0.437118996
105.8333333	0.409806373
105.9166667	0.366256077
106	0.314480929
106.0833333	0.226211699
106.1666667	0.145003612
106.25	0.059421758
106.3333333	-0.038960885
106.4166667	-0.13224984
106.5	-0.251653193
106.5833333	-0.395173903
106.6666667	-0.536007236
106.75	-0.66617982
106.8333333	-0.807269564
106.9166667	-0.933566408
107	-1.03209698
107.0833333	-1.121603883
107.1666667	-1.169360293
107.25	-1.197156151
107.3333333	-1.185632483
107.4166667	-1.147575284
107.5	-1.07561769
107.5833333	-0.95398554
107.6666667	-0.785035836
107.75	-0.590099938
107.8333333	-0.37133268
107.9166667	-0.134251812
108	0.116818207
108.0833333	0.366044046
108.1666667	0.629160416
108.25	0.889614065
108.3333333	1.146487833
108.4166667	1.376645624
108.5	1.606640693
108.5833333	1.796897103
108.6666667	1.953203809
108.75	2.063913868
108.8333333	2.135171265
108.9166667	2.159959233
109	2.158849766
109.0833333	2.09861801
109.1666667	2.006137734
109.25	1.894249174
109.3333333	1.764919786
109.4166667	1.611458247
109.5	1.461690003
109.5833333	1.287666334
109.6666667	1.129323139
109.75	0.972809332
109.8333333	0.816916827
109.9166667	0.676497695
110	0.572054894
110.0833333	0.482725505
110.1666667	0.440777774
110.25	0.419594342
110.3333333	0.390427675
110.4166667	0.347932606
110.5	0.31473734
110.5833333	0.267769884
110.6666667	0.222335959
110.75	0.17035371
110.8333333	0.113124913
110.9166667	0.052917813
111	-0.036475678
111.0833333	-0.158176862
111.1666667	-0.310238006
111.25	-0.474148262
111.3333333	-0.630287315
111.4166667	-0.771263647
111.5	-0.899976664
111.5833333	-1.026421438
111.6666667	-1.132062463
111.75	-1.228379031
111.8333333	-1.313522029
111.9166667	-1.389049643
112	-1.440119662
112.0833333	-1.44026266
112.1666667	-1.417654179
112.25	-1.353186723
112.3333333	-1.278073311
112.4166667	-1.224399741
112.5	-1.171569367
112.5833333	-1.119463844
112.6666667	-1.07464629
112.75	-1.051460885
112.8333333	-1.009315915
112.9166667	-0.96204767
113	-0.909281398
113.0833333	-0.854636428
113.1666667	-0.822797177
113.25	-0.799784357
113.3333333	-0.784094021
113.4166667	-0.780016112
113.5	-0.766648262
113.5833333	-0.760563449
113.6666667	-0.752358321
113.75	-0.744513153
113.8333333	-0.715864238
113.9166667	-0.717496388
114	-0.735731102
114.0833333	-0.761914534
114.1666667	-0.797205461
114.25	-0.829084159
114.3333333	-0.845992443
114.4166667	-0.862713351
114.5	-0.865597966
114.5833333	-0.850129524
114.6666667	-0.809246881
114.75	-0.751968775
114.8333333	-0.674848459
114.9166667	-0.60612558
115	-0.501041753
115.0833333	-0.385045698
115.1666667	-0.256490471
115.25	-0.127525974
115.3333333	0.009658444
115.4166667	0.151936551
115.5	0.294594342
115.5833333	0.426300456
115.6666667	0.548864559
115.75	0.652365545
115.8333333	0.741611107
115.9166667	0.825797497
116	0.921265939
116.0833333	0.998144637
116.1666667	1.059416827
116.25	1.093726491
116.3333333	1.101749174
116.4166667	1.078129845
116.5	1.020052921
116.5833333	0.929421758
116.6666667	0.818189016
116.75	0.675245229
116.8333333	0.513031225
116.9166667	0.340644637
117	0.120698878
117.0833333	-0.139202503
117.1666667	-0.451771536
117.25	-0.760691654
117.3333333	-1.043457927
117.4166667	-1.279651221
117.5	-1.464621635
117.5833333	-1.610908617
117.6666667	-1.701041753
117.75	-1.746475678
117.8333333	-1.738280412
117.9166667	-1.683689682
118	-1.588734061
118.0833333	-1.416771536
118.1666667	-1.181801122
118.25	-0.854419465
118.3333333	-0.50102696
118.4166667	-0.159532877
118.5	0.155920772
118.5833333	0.429446413
118.6666667	0.6741259
118.75	0.884766925
118.8333333	1.071103217
118.9166667	1.232962192
119	1.35918014
119.0833333	1.451640693
119.1666667	1.508129845
119.25	1.533568701
119.3333333	1.503785663
119.4166667	1.449145624
119.5	1.393859628
119.5833333	1.341083494
119.6666667	1.309806373
119.75	1.29886949
119.8333333	1.302518405
119.9166667	1.303430634
120	1.29632018
120.0833333	1.306694934
120.1666667	1.310383296
120.25	1.303050949
120.3333333	1.275215644
120.4166667	1.255896117
120.5	1.245102231
120.5833333	1.232922744
120.6666667	1.219860614
120.75	1.185309332
120.8333333	1.138233395
120.9166667	1.051384282
121	0.964623927
121.0833333	0.882335959
121.1666667	0.76886949
121.25	0.659490791
121.3333333	0.550038129
121.4166667	0.460896117
121.5	0.368134776
121.5833333	0.263050949
121.6666667	0.164727478
121.75	0.059199864
121.8333333	-0.038088104
121.9166667	-0.154079228
122	-0.235528933
122.0833333	-0.330479623
122.1666667	-0.444996388
122.25	-0.535948065
122.3333333	-0.624587118
122.4166667	-0.70536128
122.5	-0.781909603
122.5833333	-0.850459899
122.6666667	-0.896973706
122.75	-0.943507236
122.8333333	-0.980711378
122.9166667	-0.999172917
123	-1.000144317
123.0833333	-0.99403485
123.1666667	-0.962639386
123.25	-0.915090077
123.3333333	-0.855760688
123.4166667	-0.799527946
123.5	-0.737664041
123.5833333	-0.690578242
123.6666667	-0.645948065
123.75	-0.614355363
123.8333333	-0.590430313
123.9166667	-0.572338597
124	-0.576663055
124.0833333	-0.598157138
124.1666667	-0.643383962
124.25	-0.704641359
124.3333333	-0.759365225
124.4166667	-0.83449343
124.5	-0.888196585
124.5833333	-0.945454968
124.6666667	-0.98214629
124.75	-1.003571339
124.8333333	-1.023112759
124.9166667	-1.030627552
125	-1.006539781
125.0833333	-0.979680806
125.1666667	-0.881475678
125.25	-0.762230116
125.3333333	-0.635553587
125.4166667	-0.508980609
125.5	-0.385445106
125.5833333	-0.29245694
125.6666667	-0.199680806
125.75	-0.140030905
125.8333333	-0.106949051
125.9166667	-0.077560491
126	-0.064409603
126.0833333	-0.099552601
126.1666667	-0.133009209
126.25	-0.235780412
126.3333333	-0.36189481
126.4166667	-0.479813942
126.5	-0.600287315
126.5833333	-0.702511181
126.6666667	-0.77179126
126.75	-0.830030905
126.8333333	-0.843541753
126.9166667	-0.829518084
127	-0.790277453
127.0833333	-0.706406645
127.1666667	-0.587170944
127.25	-0.457387907
127.3333333	-0.308457927
127.4166667	-0.14113051
127.5	0.042388126
127.5833333	0.237997492
127.6666667	0.438562479
127.75	0.632835553
127.8333333	0.824352217
127.9166667	0.99830971
128	1.15057588
128.0833333	1.280268087
128.1666667	1.34831335
128.25	1.398715616
128.3333333	1.433200721
128.4166667	1.467266695
128.5	1.494488487
128.5833333	1.489754759
128.6666667	1.4690447
128.75	1.406322807
128.8333333	1.314015114
128.9166667	1.190346475
129	1.032950026
129.0833333	0.851293221
129.1666667	0.640050617
129.25	0.467269552
129.3333333	0.300405647
129.4166667	0.145376061
129.5	0.011056534
129.5833333	-0.106103229
129.6666667	-0.185984886
129.75	-0.249298495
129.8333333	-0.255215655
129.9166667	-0.203736365
130	-0.096044057
130.0833333	0.079695588
130.1666667	0.327032866
130.25	0.63531689
130.3333333	0.922890854
130.4166667	1.199813931
130.5	1.482062452
130.5833333	1.72644115
130.6666667	1.950701505
130.75	2.12644115
130.8333333	2.283245884
130.9166667	2.424074286
131	2.507506239
131.0833333	2.535908606
131.1666667	2.499222215
131.25	2.393896771
131.3333333	2.238275469
131.4166667	2.08087902
131.5	1.931174878
131.5833333	1.757802097
131.6666667	1.603364227
131.75	1.443600913
131.8333333	1.298038783
131.9166667	1.139458901
132	0.940642333
132.0833333	0.744784345
132.1666667	0.579695588
132.25	0.437683753
132.3333333	0.334725174
132.4166667	0.261944108
132.5	0.215198546
132.5833333	0.170228132
132.6666667	0.149518073
132.75	0.127032866
132.8333333	0.11460683
132.9166667	0.106322807
133	0.116973694
133.0833333	0.155435233
133.1666667	0.210464818
133.25	0.210464818
133.3333333	0.210464818
133.4166667	0.210464818
133.5	0.210464818
133.5833333	0.210464818
133.6666667	0.210464818
