1886.0	0.6942
1886.083333	0.6942
1886.166667	0.698
1886.25	0.6958
1886.333333	0.7015
1886.416667	0.6892
1886.5	0.6865
1886.583333	0.6945
1886.666667	0.6884
1886.75	0.6972
1886.833333	0.6916
1886.916667	0.6838
1887	0.6948
1887.083333	0.6907
1887.166667	0.6961
1887.25	0.6943
1887.333333	0.7007
1887.416667	0.7055
1887.5	0.6935
1887.583333	0.6854
1887.666667	0.6942
1887.75	0.692
1887.833333	0.6861
1887.916667	0.6885
1888	0.6922
1888.083333	0.6917
1888.166667	0.6993
1888.25	0.692
1888.333333	0.6946
1888.416667	0.6906
1888.5	0.6967
1888.583333	0.6915
1888.666667	0.6805
1888.75	0.6953
1888.833333	0.6941
1888.916667	0.6885
1889	0.6932
1889.083333	0.6949
1889.166667	0.6951
1889.25	0.6864
1889.333333	0.6991
1889.416667	0.7113
1889.5	0.6918
1889.583333	0.6928
1889.666667	0.6946
1889.75	0.6915
1889.833333	0.6936
1889.916667	0.7021
1890	0.6856
1890.083333	0.6882
1890.166667	0.6942
1890.25	0.6969
1890.333333	0.6941
1890.416667	0.7016
1890.5	0.696
1890.583333	0.693
1890.666667	0.697
1890.75	0.7047
1890.833333	0.6979
1890.916667	0.6972
1891	0.6975
1891.083333	0.6935
1891.166667	0.6965
1891.25	0.6966
1891.333333	0.6888
1891.416667	0.7047
1891.5	0.7002
1891.583333	0.6941
1891.666667	0.6939
1891.75	0.6921
1891.833333	0.6919
1891.916667	0.6991
1892	0.6944
1892.083333	0.691
1892.166667	0.7022
1892.25	0.7052
1892.333333	0.6967
1892.416667	0.702
1892.5	0.692
1892.583333	0.6927
1892.666667	0.6925
1892.75	0.6917
1892.833333	0.6972
1892.916667	0.7015
1893	0.7005
1893.083333	0.7028
1893.166667	0.695
1893.25	0.7056
1893.333333	0.7021
1893.416667	0.6966
1893.5	0.7032
1893.583333	0.696
1893.666667	0.6955
1893.75	0.6952
1893.833333	0.6944
1893.916667	0.6982
1894	0.6914
1894.083333	0.6924
1894.166667	0.6952
1894.25	0.6942
1894.333333	0.7048
1894.416667	0.7018
1894.5	0.699
1894.583333	0.693
1894.666667	0.6881
1894.75	0.6869
1894.833333	0.695
1894.916667	0.6881
1895	0.6907
1895.083333	0.7002
1895.166667	0.6963
1895.25	0.6911
1895.333333	0.6946
1895.416667	0.7003
1895.5	0.696
1895.583333	0.6921
1895.666667	0.6944
1895.75	0.6894
1895.833333	0.6914
1895.916667	0.7012
1896	0.6986
1896.083333	0.6932
1896.166667	0.6998
1896.25	0.7006
1896.333333	0.697
1896.416667	0.701
1896.5	0.6958
1896.583333	0.6906
1896.666667	0.6883
1896.75	0.689
1896.833333	0.6855
1896.916667	0.6898
1897	0.7058
1897.083333	0.6908
1897.166667	0.7007
1897.25	0.7012
1897.333333	0.7021
1897.416667	0.6888
1897.5	0.698
1897.583333	0.692
1897.666667	0.6933
1897.75	0.6932
1897.833333	0.6962
1897.916667	0.6921
1898	0.6955
1898.083333	0.6941
1898.166667	0.6964
1898.25	0.7002
1898.333333	0.7071
1898.416667	0.6968
1898.5	0.6974
1898.583333	0.6857
1898.666667	0.6939
1898.75	0.6931
1898.833333	0.7013
1898.916667	0.695
1899	0.7024
1899.083333	0.6876
1899.166667	0.6913
1899.25	0.7016
1899.333333	0.6998
1899.416667	0.698
1899.5	0.6918
1899.583333	0.6901
1899.666667	0.6899
1899.75	0.6939
1899.833333	0.6948
1899.916667	0.6987
1900	0.693
1900.083333	0.6954
1900.166667	0.7028
1900.25	0.7019
1900.333333	0.6996
1900.416667	0.705
1900.5	0.7014
1900.583333	0.6985
1900.666667	0.6929
1900.75	0.6964
1900.833333	0.6904
1900.916667	0.6937
1901	0.6982
1901.083333	0.6934
1901.166667	0.6934
1901.25	0.7038
1901.333333	0.6967
1901.416667	0.701
1901.5	0.6928
1901.583333	0.6886
1901.666667	0.6886
1901.75	0.6937
1901.833333	0.6867
1901.916667	0.6964
1902	0.7007
1902.083333	0.6986
1902.166667	0.6981
1902.25	0.6961
1902.333333	0.6924
1902.416667	0.6899
1902.5	0.689
1902.583333	0.6835
1902.666667	0.6909
1902.75	0.6859
1902.833333	0.6855
1902.916667	0.6925
1903	0.697
1903.083333	0.6918
1903.166667	0.6976
1903.25	0.7022
1903.333333	0.6986
1903.416667	0.6913
1903.5	0.6909
1903.583333	0.6861
1903.666667	0.6882
1903.75	0.6887
1903.833333	0.6847
1903.916667	0.6929
1904	0.6894
1904.083333	0.6971
1904.166667	0.6919
1904.25	0.689
1904.333333	0.6947
1904.416667	0.6984
1904.5	0.6949
1904.583333	0.6907
1904.666667	0.6897
1904.75	0.6881
1904.833333	0.6967
1904.916667	0.699
1905	0.6934
1905.083333	0.6916
1905.166667	0.6984
1905.25	0.6935
1905.333333	0.7022
1905.416667	0.701
1905.5	0.6985
1905.583333	0.693
1905.666667	0.6963
1905.75	0.6911
1905.833333	0.6944
1905.916667	0.6892
1906	0.6869
1906.083333	0.6886
1906.166667	0.6883
1906.25	0.6997
1906.333333	0.6979
1906.416667	0.7028
1906.5	0.6982
1906.583333	0.6852
1906.666667	0.6872
1906.75	0.6927
1906.833333	0.697
1906.916667	0.6901
1907	0.6936
1907.083333	0.6941
1907.166667	0.6993
1907.25	0.7029
1907.333333	0.6948
1907.416667	0.696
1907.5	0.6961
1907.583333	0.6989
1907.666667	0.6939
1907.75	0.6945
1907.833333	0.688
1907.916667	0.6931
1908	0.6847
1908.083333	0.6883
1908.166667	0.7013
1908.25	0.6992
1908.333333	0.7036
1908.416667	0.7014
1908.5	0.6912
1908.583333	0.6942
1908.666667	0.6952
1908.75	0.6936
1908.833333	0.6918
1908.916667	0.7013
1909	0.6992
1909.083333	0.6994
1909.166667	0.6984
1909.25	0.7049
1909.333333	0.704
1909.416667	0.7003
1909.5	0.6956
1909.583333	0.6894
1909.666667	0.6948
1909.75	0.6968
1909.833333	0.6951
1909.916667	0.6962
1910	0.6981
1910.083333	0.6952
1910.166667	0.6951
1910.25	0.6977
1910.333333	0.7083
1910.416667	0.7066
1910.5	0.708
1910.583333	0.7001
1910.666667	0.6971
1910.75	0.6997
1910.833333	0.6945
1910.916667	0.7076
1911	0.7012
1911.083333	0.6982
1911.166667	0.7079
1911.25	0.7125
1911.333333	0.7046
1911.416667	0.7034
1911.5	0.6981
1911.583333	0.6936
1911.666667	0.6989
1911.75	0.6956
1911.833333	0.6993
1911.916667	0.7095
1912	0.7023
1912.083333	0.6953
1912.166667	0.6973
1912.25	0.7029
1912.333333	0.6979
1912.416667	0.6961
1912.5	0.6968
1912.583333	0.6973
1912.666667	0.7
1912.75	0.6928
1912.833333	0.6917
1912.916667	0.6974
1913	0.6965
1913.083333	0.6921
1913.166667	0.6979
1913.25	0.6998
1913.333333	0.7074
1913.416667	0.6999
1913.5	0.6947
1913.583333	0.6957
1913.666667	0.6954
1913.75	0.6941
1913.833333	0.7023
1913.916667	0.701
1914	0.7021
1914.083333	0.689
1914.166667	0.6939
1914.25	0.7061
1914.333333	0.7033
1914.416667	0.7038
1914.5	0.6951
1914.583333	0.6913
1914.666667	0.6916
1914.75	0.6857
1914.833333	0.6952
1914.916667	0.6991
1915	0.7032
1915.083333	0.7078
1915.166667	0.7066
1915.25	0.7023
1915.333333	0.7032
1915.416667	0.706
1915.5	0.699
1915.583333	0.692
1915.666667	0.6987
1915.75	0.6978
1915.833333	0.7011
1915.916667	0.6911
1916	0.6898
1916.083333	0.6929
1916.166667	0.6981
1916.25	0.6929
1916.333333	0.6901
1916.416667	0.6862
1916.5	0.6804
1916.583333	0.6923
1916.666667	0.6883
1916.75	0.6953
1916.833333	0.6981
1916.916667	0.6926
1917	0.7017
1917.083333	0.6959
1917.166667	0.6999
1917.25	0.706
1917.333333	0.7054
1917.416667	0.6984
1917.5	0.7072
1917.583333	0.6911
1917.666667	0.6978
1917.75	0.6941
1917.833333	0.6911
1917.916667	0.6932
1918	0.692
1918.083333	0.6962
1918.166667	0.6953
1918.25	0.6911
1918.333333	0.6978
1918.416667	0.7032
1918.5	0.6929
1918.583333	0.6895
1918.666667	0.6895
1918.75	0.6984
1918.833333	0.6914
1918.916667	0.6917
1919	0.6987
1919.083333	0.6883
1919.166667	0.6959
1919.25	0.6956
1919.333333	0.7029
1919.416667	0.6965
1919.5	0.6926
1919.583333	0.6968
1919.666667	0.6953
1919.75	0.6953
1919.833333	0.6895
1919.916667	0.6892
1920	0.6941
1920.083333	0.6889
1920.166667	0.6956
1920.25	0.6953
1920.333333	0.699
1920.416667	0.702
1920.5	0.6956
1920.583333	0.6944
1920.666667	0.6895
1920.75	0.6904
1920.833333	0.6935
1920.916667	0.7017
1921	0.6898
1921.083333	0.6929
1921.166667	0.6999
1921.25	0.7087
1921.333333	0.6993
1921.416667	0.6981
1921.5	0.7057
1921.583333	0.6935
1921.666667	0.6895
1921.75	0.6987
1921.833333	0.7063
1921.916667	0.7084
1922	0.7096
1922.083333	0.7036
1922.166667	0.7039
1922.25	0.7014
1922.333333	0.6981
1922.416667	0.6984
1922.5	0.6911
1922.583333	0.695
1922.666667	0.6837
1922.75	0.6947
1922.833333	0.6975
1922.916667	0.6944
1923	0.7002
1923.083333	0.6892
1923.166667	0.6904
1923.25	0.6853
1923.333333	0.71
1923.416667	0.7051
1923.5	0.6959
1923.583333	0.6834
1923.666667	0.6944
1923.75	0.6908
1923.833333	0.6938
1923.916667	0.6853
1924	0.6956
1924.083333	0.6923
1924.166667	0.6901
1924.25	0.7032
1924.333333	0.695
1924.416667	0.6984
1924.5	0.6859
1924.583333	0.6853
1924.666667	0.6917
1924.75	0.6956
1924.833333	0.6923
1924.916667	0.692
1925	0.6889
1925.083333	0.6978
1925.166667	0.6929
1925.25	0.6911
1925.333333	0.6956
1925.416667	0.6935
1925.5	0.6981
1925.583333	0.688
1925.666667	0.6898
1925.75	0.6877
1925.833333	0.6813
1925.916667	0.6886
1926	0.6898
1926.083333	0.6929
1926.166667	0.6859
1926.25	0.7011
1926.333333	0.706
1926.416667	0.6938
1926.5	0.6926
1926.583333	0.6901
1926.666667	0.6816
1926.75	0.6972
1926.833333	0.6825
1926.916667	0.6886
1927	0.6911
1927.083333	0.6959
1927.166667	0.6947
1927.25	0.7002
1927.333333	0.6996
1927.416667	0.6889
1927.5	0.6914
1927.583333	0.692
1927.666667	0.6831
1927.75	0.681
1927.833333	0.684
1927.916667	0.6828
1928	0.685
1928.083333	0.688
1928.166667	0.6871
1928.25	0.6944
1928.333333	0.6987
1928.416667	0.6987
1928.5	0.6926
1928.583333	0.6914
1928.666667	0.6975
1928.75	0.6965
1928.833333	0.6895
1928.916667	0.6892
1929	0.702
1929.083333	0.6871
1929.166667	0.6914
1929.25	0.7039
1929.333333	0.6981
1929.416667	0.6972
1929.5	0.6926
1929.583333	0.6871
1929.666667	0.6807
1929.75	0.6859
1929.833333	0.6938
1929.916667	0.7005
1930	0.6923
1930.083333	0.6865
1930.166667	0.685
1930.25	0.6911
1930.333333	0.6886
1930.416667	0.6914
1930.5	0.6981
1930.583333	0.7026
1930.666667	0.6941
1930.75	0.6853
1930.833333	0.6953
1930.916667	0.6895
1931	0.6944
1931.083333	0.6914
1931.166667	0.6929
1931.25	0.6935
1931.333333	0.7005
1931.416667	0.6956
1931.5	0.7032
1931.583333	0.6932
1931.666667	0.6953
1931.75	0.6886
1931.833333	0.6874
1931.916667	0.692
1932	0.7002
1932.083333	0.6938
1932.166667	0.6935
1932.25	0.6968
1932.333333	0.6889
1932.416667	0.6999
1932.5	0.6938
1932.583333	0.6859
1932.666667	0.6837
1932.75	0.6874
1932.833333	0.6877
1932.916667	0.6965
1933	0.6968
1933.083333	0.7011
1933.166667	0.6981
1933.25	0.7005
1933.333333	0.6984
1933.416667	0.695
1933.5	0.6944
1933.583333	0.6883
1933.666667	0.6901
1933.75	0.6914
1933.833333	0.6859
1933.916667	0.6865
1934	0.6883
1934.083333	0.6972
1934.166667	0.6959
1934.25	0.7023
1934.333333	0.6978
1934.416667	0.6996
1934.5	0.6962
1934.583333	0.6941
1934.666667	0.6959
1934.75	0.6901
1934.833333	0.6929
1934.916667	0.6993
1935	0.6984
1935.083333	0.6975
1935.166667	0.699
1935.25	0.6981
1935.333333	0.6996
1935.416667	0.7048
1935.5	0.6959
1935.583333	0.6877
1935.666667	0.6895
1935.75	0.6914
1935.833333	0.6944
1935.916667	0.6993
1936	0.6904
1936.083333	0.6889
1936.166667	0.6932
1936.25	0.7002
1936.333333	0.695
1936.416667	0.6978
1936.5	0.6892
1936.583333	0.6962
1936.666667	0.6865
1936.75	0.6917
1936.833333	0.6975
1936.916667	0.6895
1937	0.6956
1937.083333	0.6908
1937.166667	0.6914
1937.25	0.7048
1937.333333	0.7072
1937.416667	0.6962
1937.5	0.688
1937.583333	0.6886
1937.666667	0.6917
1937.75	0.6877
1937.833333	0.6874
1937.916667	0.6941
1938	0.6941
1938.083333	0.6981
1938.166667	0.6981
1938.25	0.7011
1938.333333	0.6962
1938.416667	0.7005
1938.5	0.6923
1938.583333	0.6923
1938.666667	0.6895
1938.75	0.6926
1938.833333	0.6898
1938.916667	0.7008
1939	0.6944
1939.083333	0.6874
1939.166667	0.6975
1939.25	0.6938
1939.333333	0.6996
1939.416667	0.7048
1939.5	0.6975
1939.583333	0.7002
1939.666667	0.6908
1939.75	0.6847
1939.833333	0.6898
1939.916667	0.6984
1940	0.6968
1940.083333	0.7042
1940.166667	0.6911
1940.25	0.6923
1940.333333	0.7002
1940.416667	0.6929
1940.5	0.685
1940.583333	0.6834
1940.666667	0.6871
1940.75	0.6871
1940.833333	0.6959
1940.916667	0.6871
1941	0.6862
1941.083333	0.688
1941.166667	0.6938
1941.25	0.6901
1941.333333	0.6962
1941.416667	0.6987
1941.5	0.6981
1941.583333	0.6889
1941.666667	0.6892
1941.75	0.6917
1941.833333	0.6871
1941.916667	0.6908
1942	0.6947
1942.083333	0.6886
1942.166667	0.6959
1942.25	0.6926
1942.333333	0.699
1942.416667	0.6953
1942.5	0.6956
1942.583333	0.6968
1942.666667	0.6932
1942.75	0.6898
1942.833333	0.6975
1942.916667	0.685
1943	0.6947
1943.083333	0.6968
1943.166667	0.6947
1943.25	0.702
1943.333333	0.6984
1943.416667	0.6978
1943.5	0.6947
1943.583333	0.6877
1943.666667	0.6911
1943.75	0.6847
1943.833333	0.6883
1943.916667	0.6953
1944	0.6932
1944.083333	0.6959
1944.166667	0.6929
1944.25	0.7023
1944.333333	0.6959
1944.416667	0.6868
1944.5	0.6853
1944.583333	0.6847
1944.666667	0.6813
1944.75	0.6895
1944.833333	0.6914
1944.916667	0.6972
1945	0.6932
1945.083333	0.695
1945.166667	0.699
1945.25	0.6975
1945.333333	0.6972
1945.416667	0.6968
1945.5	0.6917
1945.583333	0.6923
1945.666667	0.6935
1945.75	0.6871
1945.833333	0.6895
1945.916667	0.6956
1946	0.6953
1946.083333	0.6932
1946.166667	0.6923
1946.25	0.6984
1946.333333	0.7014
1946.416667	0.7069
1946.5	0.6959
1946.583333	0.6941
1946.666667	0.685
1946.75	0.6874
1946.833333	0.6871
1946.916667	0.6898
1947	0.6904
1947.083333	0.6834
1947.166667	0.6935
1947.25	0.6959
1947.333333	0.6932
1947.416667	0.7014
1947.5	0.6968
1947.583333	0.6914
1947.666667	0.6892
1947.75	0.6886
1947.833333	0.6926
1947.916667	0.6892
1948	0.6947
1948.083333	0.6935
1948.166667	0.6953
1948.25	0.6968
1948.333333	0.7039
1948.416667	0.6956
1948.5	0.6935
1948.583333	0.6904
1948.666667	0.6923
1948.75	0.6965
1948.833333	0.6874
1948.916667	0.6911
1949	0.6947
1949.083333	0.6999
1949.166667	0.6947
1949.25	0.6959
1949.333333	0.6962
1949.416667	0.6993
1949.5	0.6938
1949.583333	0.6895
1949.666667	0.6911
1949.75	0.6981
1949.833333	0.6947
1949.916667	0.7005
1950	0.7039
1950.083333	0.692
1950.166667	0.6929
1950.25	0.6935
1950.333333	0.7029
1950.416667	0.7048
1950.5	0.6968
1950.583333	0.6898
1950.666667	0.6917
1950.75	0.7008
1950.833333	0.7103
1950.916667	0.6984
1951	0.6968
1951.083333	0.6953
1951.166667	0.7029
1951.25	0.713
1951.333333	0.7002
1951.416667	0.7014
1951.5	0.7014
1951.583333	0.699
1951.666667	0.695
1951.75	0.6953
1951.833333	0.7048
1951.916667	0.6972
1952	0.6984
1952.083333	0.7008
1952.166667	0.6953
1952.25	0.7039
1952.333333	0.7029
1952.416667	0.7093
1952.5	0.6929
1952.583333	0.6996
1952.666667	0.6917
1952.75	0.692
1952.833333	0.6993
1952.916667	0.6987
1953	0.6901
1953.083333	0.6962
1953.166667	0.6938
1953.25	0.7029
1953.333333	0.7106
1953.416667	0.706
1953.5	0.699
1953.583333	0.6953
1953.666667	0.6856
1953.75	0.6859
1953.833333	0.6947
1953.916667	0.6975
1954	0.685
1954.083333	0.6999
1954.166667	0.7045
1954.25	0.7029
1954.333333	0.7026
1954.416667	0.7014
1954.5	0.6947
1954.583333	0.6907
1954.666667	0.6859
1954.75	0.6892
1954.833333	0.6999
1954.916667	0.6999
1955	0.6996
1955.083333	0.6975
1955.166667	0.699
1955.25	0.7023
1955.333333	0.7075
1955.416667	0.7054
1955.5	0.6984
1955.583333	0.7057
1955.666667	0.692
1955.75	0.699
1955.833333	0.706
1955.916667	0.7014
1956	0.6987
1956.083333	0.7002
1956.166667	0.6941
1956.25	0.7109
1956.333333	0.7145
1956.416667	0.7133
1956.5	0.7017
1956.583333	0.7014
1956.666667	0.6914
1956.75	0.6959
1956.833333	0.7029
1956.916667	0.7087
1957	0.6993
1957.083333	0.695
1957.166667	0.6987
1957.25	0.7051
1957.333333	0.7023
1957.416667	0.6929
1957.5	0.6996
1957.583333	0.692
1957.666667	0.6941
1957.75	0.6959
1957.833333	0.7005
1957.916667	0.6996
1958	0.6947
1958.083333	0.7023
1958.166667	0.7115
1958.25	0.7054
1958.333333	0.713
1958.416667	0.7042
1958.5	0.7017
1958.583333	0.6932
1958.666667	0.692
1958.75	0.6975
1958.833333	0.6914
1958.916667	0.6978
1959	0.6984
1959.083333	0.6932
1959.166667	0.6971
1959.25	0.7029
1959.333333	0.7081
1959.416667	0.6999
1959.5	0.6987
1959.583333	0.6944
1959.666667	0.6895
1959.75	0.6932
1959.833333	0.6904
1959.916667	0.7048
1960	0.6926
1960.083333	0.7023
1960.166667	0.6935
1960.25	0.7036
1960.333333	0.71
1960.416667	0.7002
1960.5	0.6968
1960.583333	0.702
1960.666667	0.6956
1960.75	0.6975
1960.833333	0.7005
1960.916667	0.6926
1961	0.6874
1961.083333	0.6941
1961.166667	0.6993
1961.25	0.6965
1961.333333	0.7042
1961.416667	0.7051
1961.5	0.6981
1961.583333	0.6938
1961.666667	0.692
1961.75	0.6941
1961.833333	0.6923
1961.916667	0.6968
1962	0.6984
1962.083333	0.7042
1962.166667	0.6965
1962.25	0.6984
1962.333333	0.7103
1962.416667	0.7032
1962.5	0.6962
1962.583333	0.6959
1962.666667	0.695
1962.75	0.7008
1962.833333	0.7002
1962.916667	0.6944
1963	0.6865
1963.083333	0.6996
1963.166667	0.6968
1963.25	0.7023
1963.333333	0.7054
1963.416667	0.709
1963.5	0.71
1963.583333	0.6984
1963.666667	0.699
1963.75	0.6847
1963.833333	0.6923
1963.916667	0.6917
1964	0.7075
1964.083333	0.7005
1964.166667	0.6978
1964.25	0.7005
1964.333333	0.7069
1964.416667	0.7096
1964.5	0.7121
1964.583333	0.6978
1964.666667	0.6911
1964.75	0.6978
1964.833333	0.7014
1964.916667	0.7051
1965	0.6999
1965.083333	0.6953
1965.166667	0.7002
1965.25	0.702
1965.333333	0.7002
1965.416667	0.7069
1965.5	0.6987
1965.583333	0.6935
1965.666667	0.6965
1965.75	0.6918
1965.833333	0.695
1965.916667	0.6907
1966	0.6918
1966.083333	0.7051
1966.166667	0.7035
1966.25	0.7099
1966.333333	0.7063
1966.416667	0.7008
1966.5	0.6984
1966.583333	0.6886
1966.666667	0.6935
1966.75	0.692
1966.833333	0.6938
1966.916667	0.6926
1967	0.6991
1967.083333	0.6899
1967.166667	0.6955
1967.25	0.6951
1967.333333	0.6997
1967.416667	0.6977
1967.5	0.698
1967.583333	0.6981
1967.666667	0.6976
1967.75	0.6928
1967.833333	0.7008
1967.916667	0.6976
1968	0.6994
1968.083333	0.6933
1968.166667	0.6999
1968.25	0.7101
1968.333333	0.7143
1968.416667	0.7049
1968.5	0.6949
1968.583333	0.7017
1968.666667	0.6926
1968.75	0.6936
1968.833333	0.7003
1968.916667	0.6939
1969	0.6998
1969.083333	0.6852
1969.166667	0.6903
1969.25	0.7037
1969.333333	0.698
1969.416667	0.7051
1969.5	0.6907
1969.583333	0.6885
1969.666667	0.6958
1969.75	0.6877
1969.833333	0.6942
1969.916667	0.702
1970	0.6956
1970.083333	0.6941
1970.166667	0.7014
1970.25	0.7051
1970.333333	0.7051
1970.416667	0.7008
1970.5	0.6975
1970.583333	0.6914
1970.666667	0.6943
1970.75	0.6956
1970.833333	0.6916
1970.916667	0.6987
1971	0.7032
1971.083333	0.6985
1971.166667	0.6883
1971.25	0.701
1971.333333	0.7072
1971.416667	0.7034
1971.5	0.6977
1971.583333	0.698
1971.666667	0.6959
1971.75	0.7017
1971.833333	0.699
1971.916667	0.6946
1972	0.6981
1972.083333	0.6931
1972.166667	0.7011
1972.25	0.7051
1972.333333	0.6991
1972.416667	0.6941
1972.5	0.7051
1972.583333	0.6981
1972.666667	0.6931
1972.75	0.6891
1972.833333	0.6921
1972.916667	0.7001
1973	0.6981
1973.083333	0.6951
1973.166667	0.7001
1973.25	0.7091
1973.333333	0.7091
1973.416667	0.7051
1973.5	0.6951
1973.583333	0.7051
1973.666667	0.6971
1973.75	0.6981
1973.833333	0.7001
1973.916667	0.6991
1974	0.6981
1974.083333	0.7001
1974.166667	0.6961
1974.25	0.7091
1974.333333	0.7121
1974.416667	0.7141
1974.5	0.7091
1974.583333	0.7021
1974.666667	0.7001
1974.75	0.6981
1974.833333	0.7031
1974.916667	0.7071
1975	0.7021
1975.083333	0.6921
1975.166667	0.7021
1975.25	0.7051
1975.333333	0.7071
1975.416667	0.7081
1975.5	0.7041
1975.583333	0.7021
1975.666667	0.6941
1975.75	0.6981
1975.833333	0.7011
1975.916667	0.6971
1976	0.7011
1976.083333	0.6961
1976.166667	0.7061
1976.25	0.7091
1976.333333	0.7051
1976.416667	0.7051
1976.5	0.7051
1976.583333	0.7041
1976.666667	0.7001
1976.75	0.7031
1976.833333	0.7051
1976.916667	0.7091
1977	0.7021
1977.083333	0.6991
1977.166667	0.7061
1977.25	0.7081
1977.333333	0.7051
1977.416667	0.7081
1977.5	0.6971
1977.583333	0.6901
1977.666667	0.6901
1977.75	0.6941
1977.833333	0.6921
1977.916667	0.6991
1978	0.7021
1978.083333	0.7001
1978.166667	0.7001
1978.25	0.7131
1978.333333	0.7061
1978.416667	0.7181
1978.5	0.7121
1978.583333	0.7001
1978.666667	0.6921
1978.75	0.6911
1978.833333	0.6921
1978.916667	0.7011
1979	0.6901
1979.083333	0.6931
1979.166667	0.7021
1979.25	0.7061
1979.333333	0.7071
1979.416667	0.7021
1979.5	0.7001
1979.583333	0.6941
1979.666667	0.6891
1979.75	0.6911
1979.833333	0.6891
1979.916667	0.7081
1980	0.7031
1980.083333	0.7021
1980.166667	0.7001
1980.25	0.7001
1980.333333	0.7041
1980.416667	0.7071
1980.5	0.7001
1980.583333	0.6961
1980.666667	0.7031
1980.75	0.6931
1980.833333	0.6961
1980.916667	0.6941
1981	0.6961
1981.083333	0.7031
1981.166667	0.7001
1981.25	0.7081
1981.333333	0.7031
1981.416667	0.7121
1981.5	0.7031
1981.583333	0.7011
1981.666667	0.6921
1981.75	0.6951
1981.833333	0.6951
1981.916667	0.7051
1982	0.6971
1982.083333	0.6941
1982.166667	0.6961
1982.25	0.7001
1982.333333	0.7051
1982.416667	0.7041
1982.5	0.6951
1982.583333	0.6831
1982.666667	0.6901
1982.75	0.6991
1982.833333	0.6921
1982.916667	0.6981
1983	0.6981
1983.083333	0.6911
1983.166667	0.6901
1983.25	0.7061
1983.333333	0.6841
1983.416667	0.6991
1983.5	0.6941
1983.583333	0.6891
1983.666667	0.6971
1983.75	0.6951
1983.833333	0.6941
1983.916667	0.6911
1984	0.6931
1984.083333	0.7061
1984.166667	0.7051
1984.25	0.7041
1984.333333	0.7051
1984.416667	0.7071
1984.5	0.7031
1984.583333	0.7021
1984.666667	0.6971
1984.75	0.6901
1984.833333	0.6951
1984.916667	0.7091
1985	0.7051
1985.083333	0.6961
1985.166667	0.6941
1985.25	0.7031
1985.333333	0.7051
1985.416667	0.7091
1985.5	0.7021
1985.583333	0.6951
1985.666667	0.7031
1985.75	0.6961
1985.833333	0.6991
1985.916667	0.7041
1986	0.7051
1986.083333	0.7051
1986.166667	0.7001
1986.25	0.7061
1986.333333	0.6991
1986.416667	0.7071
1986.5	0.6981
1986.583333	0.7011
1986.666667	0.6961
1986.75	0.6981
1986.833333	0.6971
1986.916667	0.6961
1987	0.6981
1987.083333	0.6961
1987.166667	0.7001
1987.25	0.6961
1987.333333	0.7001
1987.416667	0.6991
1987.5	0.6981
1987.583333	0.6971
1987.666667	0.6931
1987.75	0.6971
1987.833333	0.6981
1987.916667	0.6971
1988	0.6921
1988.083333	0.7011
1988.166667	0.6951
1988.25	0.7001
1988.333333	0.7091
1988.416667	0.7091
1988.5	0.7031
1988.583333	0.7011
1988.666667	0.7021
1988.75	0.7111
1988.833333	0.7021
1988.916667	0.6981
1989	0.7001
1989.083333	0.7001
1989.166667	0.6991
1989.25	0.6991
1989.333333	0.7071
1989.416667	0.7081
1989.5	0.7061
1989.583333	0.7021
1989.666667	0.7021
1989.75	0.7041
1989.833333	0.6941
1989.916667	0.7001
1990	0.6981
1990.083333	0.7071
1990.166667	0.6991
1990.25	0.7091
1990.333333	0.7131
1990.416667	0.7101
1990.5	0.7031
1990.583333	0.7131
1990.666667	0.6941
1990.75	0.7001
1990.833333	0.7011
1990.916667	0.7031
1991	0.7011
1991.083333	0.7051
1991.166667	0.7081
1991.25	0.7071
1991.333333	0.7001
1991.416667	0.7021
1991.5	0.7111
1991.583333	0.7021
1991.666667	0.6971
1991.75	0.6921
1991.833333	0.6911
1991.916667	0.6971
1992	0.6971
1992.083333	0.6981
1992.166667	0.6941
1992.25	0.7011
1992.333333	0.7031
1992.416667	0.7101
1992.5	0.7071
1992.583333	0.7041
1992.666667	0.7001
1992.75	0.6951
1992.833333	0.7021
1992.916667	0.6941
1993	0.6941
1993.083333	0.6941
1993.166667	0.6971
1993.25	0.6991
1993.333333	0.7001
1993.416667	0.7041
1993.5	0.7011
1993.583333	0.6971
1993.666667	0.6911
1993.75	0.6971
1993.833333	0.6931
1993.916667	0.6981
1994	0.7089
1994.083333	0.6945
1994.166667	0.6979
1994.25	0.702
1994.333333	0.7044
1994.416667	0.7007
1994.5	0.6985
1994.583333	0.6944
1994.666667	0.6977
1994.75	0.6924
1994.833333	0.6978
1994.916667	0.6884
1995	0.6925
1995.083333	0.6918
1995.166667	0.7039
1995.25	0.708
1995.333333	0.7037
1995.416667	0.702
1995.5	0.7023
1995.583333	0.6899
1995.666667	0.694
1995.75	0.6956
1995.833333	0.697
1995.916667	0.7031
1996	0.6973
1996.083333	0.7021
1996.166667	0.6938
1996.25	0.706
1996.333333	0.7004
1996.416667	0.7052
1996.5	0.7069
1996.583333	0.6992
1996.666667	0.703
1996.75	0.6888
1996.833333	0.7007
1996.916667	0.6949
1997	0.6893
1997.083333	0.6915
1997.166667	0.6975
1997.25	0.6989
1997.333333	0.7045
1997.416667	0.6982
1997.5	0.693
1997.583333	0.6986
1997.666667	0.6901
1997.75	0.6943
1997.833333	0.6908
1997.916667	0.6954
1998	0.6848
1998.083333	0.6975
1998.166667	0.7047
1998.25	0.709
1998.333333	0.7087
1998.416667	0.7092
1998.5	0.7023
1998.583333	0.6966
1998.666667	0.696
1998.75	0.7111
1998.833333	0.694
1998.916667	0.7061
1999	0.7012
1999.083333	0.6957
1999.166667	0.6998
1999.25	0.7084
1999.333333	0.7056
1999.416667	0.7062
1999.5	0.7033
1999.583333	0.6955
1999.666667	0.6959
1999.75	0.7005
1999.833333	0.6974
1999.916667	0.6978
2000	0.6977
2000.083333	0.6977
2000.166667	0.6976
2000.25	0.7075
2000.333333	0.7119
2000.416667	0.7006
2000.5	0.7049
2000.583333	0.6996
2000.666667	0.7012
2000.75	0.704
2000.833333	0.6929
2000.916667	0.7099
2001	0.7045
2001.083333	0.6993
2001.166667	0.7095
2001.25	0.7135
2001.333333	0.7118
2001.416667	0.7041
2001.5	0.7048
2001.583333	0.7131
2001.666667	0.6997
2001.75	0.7126
2001.833333	0.7024
2001.916667	0.7082
2002	0.7073
2002.083333	0.7059
2002.166667	0.7044
2002.25	0.7007
2002.333333	0.7064
2002.416667	0.7086
2002.5	0.6992
2002.583333	0.6945
2002.666667	0.7005
2002.75	0.6958
2002.833333	0.6945
2002.916667	0.6987
2003	0.6971
2003.083333	0.6955
2003.166667	0.6993
2003.25	0.7028
2003.333333	0.7066
2003.416667	0.7141
2003.5	0.6994
2003.583333	0.702
2003.666667	0.7058
2003.75	0.6991
2003.833333	0.6921
2003.916667	0.6969
2004	0.7014
2004.083333	0.7022
2004.166667	0.7001
2004.25	0.6988
2004.333333	0.7129
2004.416667	0.7053
2004.5	0.6949
2004.583333	0.7012
2004.666667	0.6937
2004.75	0.6967
2004.833333	0.6978
2004.916667	0.7008
2005	0.6966
2005.083333	0.7025
2005.166667	0.7025
2005.25	0.6937
2005.333333	0.7065
2005.416667	0.7051
2005.5	0.705
2005.583333	0.6955
2005.666667	0.6992
2005.75	0.6997
2005.833333	0.703
2005.916667	0.7137
2006	0.7003
2006.083333	0.7023
2006.166667	0.6999
2006.25	0.7199
2006.333333	0.7079
2006.416667	0.7011
2006.5	0.6951
2006.583333	0.6968
2006.666667	0.6956
2006.75	0.6948
2006.833333	0.6973
2006.916667	0.6907
2007	0.6963
2007.083333	0.6932
2007.166667	0.7089
2007.25	0.704
2007.333333	0.709
2007.416667	0.7156
2007.5	0.7083
2007.583333	0.6992
2007.666667	0.6988
2007.75	0.7032
2007.833333	0.6943
2007.916667	0.6999
2008	0.7002
2008.083333	0.7061
2008.166667	0.7018
2008.25	0.7061
2008.333333	0.7039
2008.416667	0.7055
2008.5	0.7053
2008.583333	0.6988
2008.666667	0.6964
2008.75	0.6933
2008.833333	0.6995
2008.916667	0.7077
2009	0.7018
2009.083333	0.6984
2009.166667	0.7012
2009.25	0.703
2009.333333	0.7087
2009.416667	0.7095
2009.5	0.7084
2009.583333	0.7025
2009.666667	0.7011
2009.75	0.6979
2009.833333	0.7007
2009.916667	0.7009
2010	0.7006
2010.083333	0.6981
2010.166667	0.6957
2010.25	0.7018
2010.333333	0.7159
2010.416667	0.7142
2010.5	0.703
2010.583333	0.7089
2010.666667	0.7031
2010.75	0.697
2010.833333	0.6988
2010.916667	0.7032
2011	0.7017
2011.083333	0.7071
2011.166667	0.7041
2011.25	0.7113
2011.333333	0.7164
2011.416667	0.7122
2011.5	0.7079
2011.583333	0.7017
2011.666667	0.7008
2011.75	0.699
2011.833333	0.7035
2011.916667	0.7018
2012	0.7012
2012.083333	0.7027
2012.166667	0.7067
2012.25	0.7112
2012.333333	0.7103
2012.416667	0.7066
2012.5	0.701
2012.583333	0.7025
2012.666667	0.6991
2012.75	0.6997
2012.833333	0.6977
2012.916667	0.7033
