1886.0416	-154.5721785
1886.125	-31.57217848
1886.2084	6.427821522
1886.2916	-15.57217848
1886.375	41.42782152
1886.4584	-81.57217848
1886.5416	-52.4952554
1886.625	-45.72602463
1886.7084	-44.26448617
1886.7916	-47.11064002
1886.875	-43.34140925
1886.9584	-40.26448617
1887.0416	-36.95679386
1887.125	-37.80294771
1887.2084	-38.03371694
1887.2916	-35.26448617
1887.375	-43.80294771
1887.4584	-46.18756309
1887.5416	-39.72602463
1887.625	-42.11064002
1887.7084	-35.4952554
1887.7916	-38.64910155
1887.875	-38.41833232
1887.9584	-46.18756309
1888.0416	-52.95679386
1888.125	-54.4952554
1888.2084	-58.26448617
1888.2916	-57.41833232
1888.375	-55.80294771
1888.4584	-53.95679386
1888.5416	-50.34140925
1888.625	-48.26448617
1888.7084	-45.64910155
1888.7916	-55.57217848
1888.875	-50.11064002
1888.9584	-37.26448617
1889.0416	-36.34140925
1889.125	-39.34140925
1889.2084	-36.95679386
1889.2916	-28.4952554
1889.375	-29.80294771
1889.4584	-23.64910155
1889.5416	-25.87987079
1889.625	-29.72602463
1889.7084	-30.26448617
1889.7916	-28.87987079
1889.875	-22.95679386
1889.9584	-21.03371694
1890.0416	-32.80294771
1890.125	-31.87987079
1890.2084	-28.64910155
1890.2916	-20.87987079
1890.375	-15.95679386
1890.4584	-13.18756309
1890.5416	-16.72602463
1890.625	-10.64910155
1890.7084	-4.26448617
1890.7916	-2.418332324
1890.875	-8.649101555
1890.9584	-0.495255401
1891.0416	-1.572178478
1891.125	-3.033716939
1891.2084	-2.341409247
1891.2916	-6.110640016
1891.375	-15.95679386
1891.4584	-15.03371694
1891.5416	-17.18756309
1891.625	-22.18756309
1891.7084	-15.4952554
1891.7916	-8.802947708
1891.875	-8.726024632
1891.9584	1.427821522
1892.0416	-8.341409247
1892.125	-14.11064002
1892.2084	-15.34140925
1892.2916	-17.03371694
1892.375	-13.11064002
1892.4584	-5.726024632
1892.5416	-4.649101555
1892.625	1.812436907
1892.7084	4.889359984
1892.7916	7.504744599
1892.875	5.120129215
1892.9584	5.043206138
1893.0416	5.966283061
1893.125	9.043206138
1893.2084	11.19705229
1893.2916	13.27397537
1893.375	15.35089845
1893.4584	16.12012921
1893.5416	8.350898445
1893.625	2.120129215
1893.7084	-3.726024632
1893.7916	-4.341409247
1893.875	-4.956793862
1893.9584	-5.187563093
1894.0416	-3.341409247
1894.125	-11.18756309
1894.2084	-17.26448617
1894.2916	-23.87987079
1894.375	-24.03371694
1894.4584	-28.87987079
1894.5416	-34.64910155
1894.625	-27.87987079
1894.7084	-24.87987079
1894.7916	-28.03371694
1894.875	-27.72602463
1894.9584	-31.18756309
1895.0416	-35.64910155
1895.125	-40.95679386
1895.2084	-39.87987079
1895.2916	-38.87987079
1895.375	-35.41833232
1895.4584	-30.64910155
1895.5416	-22.57217848
1895.625	-20.64910155
1895.7084	-20.95679386
1895.7916	-17.64910155
1895.875	-13.11064002
1895.9584	-8.187563093
1896.0416	-11.64910155
1896.125	-15.80294771
1896.2084	-18.72602463
1896.2916	-22.87987079
1896.375	-25.87987079
1896.4584	-27.11064002
1896.5416	-23.57217848
1896.625	-29.57217848
1896.7084	-23.80294771
1896.7916	-22.72602463
1896.875	-21.57217848
1896.9584	-27.87987079
1897.0416	-30.18756309
1897.125	-33.11064002
1897.2084	-31.03371694
1897.2916	-27.26448617
1897.375	-21.72602463
1897.4584	-16.64910155
1897.5416	-12.26448617
1897.625	-21.26448617
1897.7084	-16.95679386
1897.7916	-17.34140925
1897.875	-12.80294771
1897.9584	-16.87987079
1898.0416	-10.26448617
1898.125	-19.72602463
1898.2084	-18.26448617
1898.2916	-18.41833232
1898.375	-12.18756309
1898.4584	-13.11064002
1898.5416	-5.187563093
1898.625	-11.26448617
1898.7084	-13.41833232
1898.7916	-9.418332324
1898.875	-9.726024632
1898.9584	-16.72602463
1899.0416	-20.57217848
1899.125	-26.18756309
1899.2084	-22.95679386
1899.2916	-22.95679386
1899.375	-21.64910155
1899.4584	-23.64910155
1899.5416	-25.18756309
1899.625	-30.57217848
1899.7084	-18.87987079
1899.7916	-10.72602463
1899.875	-12.26448617
1899.9584	-8.26448617
1900.0416	-5.649101555
1900.125	-0.495255401
1900.2084	1.658590753
1900.2916	6.658590753
1900.375	3.966283061
1900.4584	3.120129215
1900.5416	2.73551383
1900.625	3.043206138
1900.7084	1.504744599
1900.7916	2.273975368
1900.875	-1.726024632
1900.9584	-0.649101555
1901.0416	-10.03371694
1901.125	-19.87987079
1901.2084	-27.4952554
1901.2916	-26.87987079
1901.375	-34.34140925
1901.4584	-29.72602463
1901.5416	-24.34140925
1901.625	-24.03371694
1901.7084	-20.41833232
1901.7916	-18.34140925
1901.875	-27.11064002
1901.9584	-32.34140925
1902.0416	-41.57217848
1902.125	-48.72602463
1902.2084	-46.95679386
1902.2916	-49.03371694
1902.375	-55.34140925
1902.4584	-50.87987079
1902.5416	-50.41833232
1902.625	-57.26448617
1902.7084	-58.03371694
1902.7916	-54.87987079
1902.875	-52.95679386
1902.9584	-53.80294771
1903.0416	-53.03371694
1903.125	-55.26448617
1903.2084	-51.64910155
1903.2916	-53.34140925
1903.375	-54.26448617
1903.4584	-48.57217848
1903.5416	-50.95679386
1903.625	-50.87987079
1903.7084	-50.80294771
1903.7916	-57.41833232
1903.875	-63.18756309
1903.9584	-63.34140925
1904.0416	-60.57217848
1904.125	-60.72602463
1904.2084	-57.95679386
1904.2916	-58.03371694
1904.375	-51.87987079
1904.4584	-40.87987079
1904.5416	-40.4952554
1904.625	-38.80294771
1904.7084	-37.80294771
1904.7916	-36.57217848
1904.875	-26.41833232
1904.9584	-21.57217848
1905.0416	-21.4952554
1905.125	-22.95679386
1905.2084	-18.64910155
1905.2916	-17.57217848
1905.375	-12.72602463
1905.4584	-18.4952554
1905.5416	-27.80294771
1905.625	-31.4952554
1905.7084	-34.03371694
1905.7916	-33.03371694
1905.875	-29.64910155
1905.9584	-29.18756309
1906.0416	-31.34140925
1906.125	-41.57217848
1906.2084	-46.03371694
1906.2916	-48.80294771
1906.375	-44.26448617
1906.4584	-47.57217848
1906.5416	-44.18756309
1906.625	-38.64910155
1906.7084	-30.41833232
1906.7916	-19.18756309
1906.875	-22.95679386
1906.9584	-24.41833232
1907.0416	-29.57217848
1907.125	-29.03371694
1907.2084	-22.34140925
1907.2916	-16.72602463
1907.375	-20.34140925
1907.4584	-23.34140925
1907.5416	-27.4952554
1907.625	-31.57217848
1907.7084	-26.03371694
1907.7916	-26.11064002
1907.875	-25.57217848
1907.9584	-20.4952554
1908.0416	-24.18756309
1908.125	-25.64910155
1908.2084	-28.4952554
1908.2916	-28.72602463
1908.375	-30.80294771
1908.4584	-20.57217848
1908.5416	-15.87987079
1908.625	-4.572178478
1908.7084	3.197052292
1908.7916	5.966283061
1908.875	9.658590753
1908.9584	7.120129215
1909.0416	2.658590753
1909.125	1.273975368
1909.2084	1.73551383
1909.2916	2.966283061
1909.375	4.120129215
1909.4584	7.504744599
1909.5416	5.043206138
1909.625	1.966283061
1909.7084	-1.341409247
1909.7916	-1.879870785
1909.875	0.73551383
1909.9584	2.73551383
1910.0416	8.658590753
1910.125	12.12012921
1910.2084	18.04320614
1910.2916	21.81243691
1910.375	20.04320614
1910.4584	29.65859075
1910.5416	33.5047446
1910.625	33.58166768
1910.7084	43.35089845
1910.7916	56.73551383
1910.875	62.04320614
1910.9584	58.27397537
1911.0416	51.73551383
1911.125	40.65859075
1911.2084	39.73551383
1911.2916	38.58166768
1911.375	38.27397537
1911.4584	49.81243691
1911.5416	45.73551383
1911.625	41.19705229
1911.7084	40.5047446
1911.7916	36.65859075
1911.875	25.42782152
1911.9584	18.88935998
1912.0416	13.81243691
1912.125	13.19705229
1912.2084	18.12012921
1912.2916	13.42782152
1912.375	10.42782152
1912.4584	8.966283061
1912.5416	-1.033716939
1912.625	-8.879870785
1912.7084	-6.879870785
1912.7916	-4.956793862
1912.875	-1.495255401
1912.9584	0.043206138
1913.0416	-1.033716939
1913.125	-1.879870785
1913.2084	-3.341409247
1913.2916	-7.879870785
1913.375	-0.572178478
1913.4584	6.581667676
1913.5416	10.19705229
1913.625	4.427821522
1913.7084	5.812436907
1913.7916	12.12012921
1913.875	14.81243691
1913.9584	12.04320614
1914.0416	8.350898445
1914.125	5.73551383
1914.2084	2.581667676
1914.2916	-4.879870785
1914.375	-4.033716939
1914.4584	-6.495255401
1914.5416	-4.802947708
1914.625	-0.418332324
1914.7084	13.12012921
1914.7916	19.58166768
1914.875	17.35089845
1914.9584	19.42782152
1915.0416	15.73551383
1915.125	13.35089845
1915.2084	19.04320614
1915.2916	23.81243691
1915.375	35.65859075
1915.4584	32.5047446
1915.5416	25.35089845
1915.625	17.42782152
1915.7084	9.966283061
1915.7916	-0.572178478
1915.875	-9.956793862
1915.9584	-23.03371694
1916.0416	-42.72602463
1916.125	-47.87987079
1916.2084	-50.72602463
1916.2916	-53.34140925
1916.375	-53.11064002
1916.4584	-59.64910155
1916.5416	-51.4952554
1916.625	-46.80294771
1916.7084	-41.41833232
1916.7916	-35.34140925
1916.875	-25.72602463
1916.9584	-19.34140925
1917.0416	-3.187563093
1917.125	5.043206138
1917.2084	9.273975368
1917.2916	13.73551383
1917.375	10.5047446
1917.4584	6.73551383
1917.5416	6.273975368
1917.625	2.043206138
1917.7084	1.581667676
1917.7916	-5.187563093
1917.875	-11.4952554
1917.9584	-13.18756309
1918.0416	-17.41833232
1918.125	-31.03371694
1918.2084	-32.26448617
1918.2916	-31.80294771
1918.375	-33.87987079
1918.4584	-33.41833232
1918.5416	-29.18756309
1918.625	-32.03371694
1918.7084	-32.26448617
1918.7916	-32.03371694
1918.875	-22.95679386
1918.9584	-23.95679386
1919.0416	-32.11064002
1919.125	-29.11064002
1919.2084	-24.64910155
1919.2916	-20.18756309
1919.375	-27.03371694
1919.4584	-28.72602463
1919.5416	-26.87987079
1919.625	-34.41833232
1919.7084	-28.80294771
1919.7916	-29.26448617
1919.875	-26.64910155
1919.9584	-27.34140925
1920.0416	-28.03371694
1920.125	-26.64910155
1920.2084	-32.26448617
1920.2916	-36.03371694
1920.375	-37.41833232
1920.4584	-28.03371694
1920.5416	-27.57217848
1920.625	-28.4952554
1920.7084	-20.03371694
1920.7916	-9.956793862
1920.875	-6.879870785
1920.9584	-7.572178478
1921.0416	-4.726024632
1921.125	-6.341409247
1921.2084	-10.11064002
1921.2916	-3.033716939
1921.375	9.197052292
1921.4584	20.65859075
1921.5416	26.73551383
1921.625	37.35089845
1921.7084	45.81243691
1921.7916	46.96628306
1921.875	38.81243691
1921.9584	38.12012921
1922.0416	32.73551383
1922.125	24.5047446
1922.2084	16.96628306
1922.2916	20.96628306
1922.375	20.04320614
1922.4584	10.88935998
1922.5416	4.581667676
1922.625	-11.11064002
1922.7084	-21.26448617
1922.7916	-35.57217848
1922.875	-28.95679386
1922.9584	-23.57217848
1923.0416	-25.4952554
1923.125	-31.41833232
1923.2084	-31.87987079
1923.2916	-26.41833232
1923.375	-27.11064002
1923.4584	-36.4952554
1923.5416	-35.57217848
1923.625	-41.64910155
1923.7084	-40.95679386
1923.7916	-31.11064002
1923.875	-23.64910155
1923.9584	-32.57217848
1924.0416	-47.34140925
1924.125	-55.4952554
1924.2084	-49.11064002
1924.2916	-48.18756309
1924.375	-47.03371694
1924.4584	-48.41833232
1924.5416	-45.64910155
1924.625	-43.95679386
1924.7084	-43.4952554
1924.7916	-42.72602463
1924.875	-48.57217848
1924.9584	-49.72602463
1925.0416	-49.95679386
1925.125	-48.34140925
1925.2084	-44.87987079
1925.2916	-47.95679386
1925.375	-58.95679386
1925.4584	-61.80294771
1925.5416	-63.4952554
1925.625	-60.41833232
1925.7084	-69.57217848
1925.7916	-63.26448617
1925.875	-51.80294771
1925.9584	-53.18756309
1926.0416	-53.87987079
1926.125	-60.03371694
1926.2084	-64.95679386
1926.2916	-59.26448617
1926.375	-63.26448617
1926.4584	-57.64910155
1926.5416	-55.72602463
1926.625	-51.03371694
1926.7084	-49.64910155
1926.7916	-38.64910155
1926.875	-39.80294771
1926.9584	-52.95679386
1927.0416	-54.80294771
1927.125	-55.26448617
1927.2084	-60.64910155
1927.2916	-61.11064002
1927.375	-71.26448617
1927.4584	-71.03371694
1927.5416	-73.80294771
1927.625	-76.18756309
1927.7084	-82.95679386
1927.7916	-83.18756309
1927.875	-84.34140925
1927.9584	-85.03371694
1928.0416	-82.18756309
1928.125	-82.18756309
1928.2084	-77.95679386
1928.2916	-67.64910155
1928.375	-61.11064002
1928.4584	-57.11064002
1928.5416	-42.34140925
1928.625	-40.72602463
1928.7084	-38.11064002
1928.7916	-25.18756309
1928.875	-22.34140925
1928.9584	-23.4952554
1929.0416	-28.18756309
1929.125	-32.41833232
1929.2084	-40.64910155
1929.2916	-49.57217848
1929.375	-51.64910155
1929.4584	-43.18756309
1929.5416	-40.80294771
1929.625	-52.72602463
1929.7084	-54.34140925
1929.7916	-54.57217848
1929.875	-66.34140925
1929.9584	-71.4952554
1930.0416	-70.80294771
1930.125	-63.11064002
1930.2084	-57.72602463
1930.2916	-54.18756309
1930.375	-46.95679386
1930.4584	-50.26448617
1930.5416	-54.95679386
1930.625	-55.64910155
1930.7084	-50.72602463
1930.7916	-44.18756309
1930.875	-36.95679386
1930.9584	-31.57217848
1931.0416	-22.4952554
1931.125	-26.26448617
1931.2084	-31.87987079
1931.2916	-36.11064002
1931.375	-34.4952554
1931.4584	-37.03371694
1931.5416	-28.80294771
1931.625	-29.26448617
1931.7084	-27.64910155
1931.7916	-24.64910155
1931.875	-28.18756309
1931.9584	-28.64910155
1932.0416	-30.03371694
1932.125	-43.34140925
1932.2084	-50.64910155
1932.2916	-56.72602463
1932.375	-57.41833232
1932.4584	-50.41833232
1932.5416	-46.72602463
1932.625	-46.03371694
1932.7084	-42.72602463
1932.7916	-37.34140925
1932.875	-36.11064002
1932.9584	-31.41833232
1933.0416	-35.64910155
1933.125	-39.87987079
1933.2084	-36.64910155
1933.2916	-30.72602463
1933.375	-31.87987079
1933.4584	-32.80294771
1933.5416	-39.11064002
1933.625	-38.80294771
1933.7084	-42.80294771
1933.7916	-39.57217848
1933.875	-41.64910155
1933.9584	-40.72602463
1934.0416	-39.80294771
1934.125	-40.03371694
1934.2084	-34.18756309
1934.2916	-34.18756309
1934.375	-33.03371694
1934.4584	-22.72602463
1934.5416	-13.57217848
1934.625	-6.495255401
1934.7084	-5.110640016
1934.7916	-3.418332324
1934.875	-5.495255401
1934.9584	-0.110640016
1935.0416	-2.956793862
1935.125	-9.495255401
1935.2084	-13.03371694
1935.2916	-16.4952554
1935.375	-13.18756309
1935.4584	-8.26448617
1935.5416	-15.11064002
1935.625	-22.41833232
1935.7084	-25.72602463
1935.7916	-24.80294771
1935.875	-27.18756309
1935.9584	-28.57217848
1936.0416	-40.57217848
1936.125	-40.34140925
1936.2084	-41.26448617
1936.2916	-39.57217848
1936.375	-34.87987079
1936.4584	-38.64910155
1936.5416	-41.4952554
1936.625	-41.18756309
1936.7084	-39.26448617
1936.7916	-30.34140925
1936.875	-24.95679386
1936.9584	-24.03371694
1937.0416	-31.57217848
1937.125	-32.03371694
1937.2084	-35.4952554
1937.2916	-34.57217848
1937.375	-37.87987079
1937.4584	-40.4952554
1937.5416	-36.95679386
1937.625	-35.03371694
1937.7084	-29.41833232
1937.7916	-21.95679386
1937.875	-28.57217848
1937.9584	-33.72602463
1938.0416	-36.72602463
1938.125	-33.41833232
1938.2084	-32.72602463
1938.2916	-32.03371694
1938.375	-30.41833232
1938.4584	-20.11064002
1938.5416	-19.87987079
1938.625	-25.03371694
1938.7084	-25.4952554
1938.7916	-28.80294771
1938.875	-29.95679386
1938.9584	-23.34140925
1939.0416	-25.64910155
1939.125	-19.57217848
1939.2084	-20.72602463
1939.2916	-24.41833232
1939.375	-26.57217848
1939.4584	-19.95679386
1939.5416	-23.03371694
1939.625	-15.4952554
1939.7084	-12.64910155
1939.7916	-16.64910155
1939.875	-11.72602463
1939.9584	-16.87987079
1940.0416	-32.11064002
1940.125	-42.95679386
1940.2084	-53.03371694
1940.2916	-55.87987079
1940.375	-47.26448617
1940.4584	-49.34140925
1940.5416	-58.72602463
1940.625	-65.4952554
1940.7084	-73.4952554
1940.7916	-74.26448617
1940.875	-71.26448617
1940.9584	-72.41833232
1941.0416	-68.41833232
1941.125	-65.41833232
1941.2084	-60.95679386
1941.2916	-57.41833232
1941.375	-57.41833232
1941.4584	-61.34140925
1941.5416	-55.4952554
1941.625	-53.64910155
1941.7084	-47.57217848
1941.7916	-48.4952554
1941.875	-41.64910155
1941.9584	-42.34140925
1942.0416	-44.72602463
1942.125	-45.72602463
1942.2084	-42.41833232
1942.2916	-41.95679386
1942.375	-37.4952554
1942.4584	-39.11064002
1942.5416	-36.11064002
1942.625	-34.4952554
1942.7084	-29.80294771
1942.7916	-25.11064002
1942.875	-20.64910155
1942.9584	-21.57217848
1943.0416	-22.03371694
1943.125	-28.11064002
1943.2084	-32.4952554
1943.2916	-39.03371694
1943.375	-40.18756309
1943.4584	-41.87987079
1943.5416	-35.57217848
1943.625	-34.64910155
1943.7084	-37.64910155
1943.7916	-31.80294771
1943.875	-36.4952554
1943.9584	-45.41833232
1944.0416	-55.03371694
1944.125	-62.72602463
1944.2084	-67.64910155
1944.2916	-68.87987079
1944.375	-63.72602463
1944.4584	-56.87987079
1944.5416	-58.4952554
1944.625	-57.11064002
1944.7084	-54.72602463
1944.7916	-51.18756309
1944.875	-55.11064002
1944.9584	-54.41833232
1945.0416	-50.64910155
1945.125	-45.26448617
1945.2084	-38.4952554
1945.2916	-34.03371694
1945.375	-34.03371694
1945.4584	-30.80294771
1945.5416	-32.26448617
1945.625	-32.26448617
1945.7084	-34.34140925
1945.7916	-34.80294771
1945.875	-31.80294771
1945.9584	-24.34140925
1946.0416	-25.03371694
1946.125	-23.18756309
1946.2084	-28.80294771
1946.2916	-33.4952554
1946.375	-33.4952554
1946.4584	-33.26448617
1946.5416	-37.26448617
1946.625	-46.41833232
1946.7084	-46.18756309
1946.7916	-43.41833232
1946.875	-47.41833232
1946.9584	-47.41833232
1947.0416	-55.18756309
1947.125	-58.64910155
1947.2084	-62.41833232
1947.2916	-59.64910155
1947.375	-55.64910155
1947.4584	-54.03371694
1947.5416	-50.26448617
1947.625	-47.87987079
1947.7084	-38.72602463
1947.7916	-36.18756309
1947.875	-30.03371694
1947.9584	-28.18756309
1948.0416	-34.26448617
1948.125	-39.18756309
1948.2084	-38.4952554
1948.2916	-32.87987079
1948.375	-33.80294771
1948.4584	-34.95679386
1948.5416	-30.72602463
1948.625	-26.72602463
1948.7084	-25.80294771
1948.7916	-25.34140925
1948.875	-25.80294771
1948.9584	-29.34140925
1949.0416	-30.72602463
1949.125	-33.80294771
1949.2084	-33.26448617
1949.2916	-28.80294771
1949.375	-30.18756309
1949.4584	-20.11064002
1949.5416	-10.26448617
1949.625	-12.34140925
1949.7084	-17.72602463
1949.7916	-18.64910155
1949.875	-13.26448617
1949.9584	-6.649101555
1950.0416	-8.572178478
1950.125	-11.64910155
1950.2084	-9.956793862
1950.2916	-2.495255401
1950.375	6.889359984
1950.4584	9.73551383
1950.5416	6.889359984
1950.625	0.273975368
1950.7084	8.658590753
1950.7916	24.12012921
1950.875	29.27397537
1950.9584	28.12012921
1951.0416	25.5047446
1951.125	27.19705229
1951.2084	31.19705229
1951.2916	33.96628306
1951.375	37.04320614
1951.4584	26.96628306
1951.5416	26.96628306
1951.625	30.04320614
1951.7084	30.04320614
1951.7916	30.81243691
1951.875	23.04320614
1951.9584	30.04320614
1952.0416	23.5047446
1952.125	22.12012921
1952.2084	16.5047446
1952.2916	14.19705229
1952.375	17.27397537
1952.4584	12.58166768
1952.5416	7.120129215
1952.625	5.427821522
1952.7084	0.043206138
1952.7916	5.889359984
1952.875	11.04320614
1952.9584	13.42782152
1953.0416	5.504744599
1953.125	7.350898445
1953.2084	-3.418332324
1953.2916	-7.879870785
1953.375	-5.802947708
1953.4584	-7.187563093
1953.5416	-17.72602463
1953.625	-10.18756309
1953.7084	-3.802947708
1953.7916	3.197052292
1953.875	2.966283061
1953.9584	-4.110640016
1954.0416	-12.80294771
1954.125	-19.18756309
1954.2084	-26.41833232
1954.2916	-23.64910155
1954.375	-12.87987079
1954.4584	-8.879870785
1954.5416	-7.26448617
1954.625	2.350898445
1954.7084	1.658590753
1954.7916	-0.033716939
1954.875	3.504744599
1954.9584	5.658590753
1955.0416	3.350898445
1955.125	11.81243691
1955.2084	12.81243691
1955.2916	22.88935998
1955.375	35.81243691
1955.4584	36.96628306
1955.5416	36.04320614
1955.625	36.5047446
1955.7084	33.88935998
1955.7916	43.04320614
1955.875	52.42782152
1955.9584	56.88935998
1956.0416	54.04320614
1956.125	56.35089845
1956.2084	45.35089845
1956.2916	48.35089845
1956.375	51.35089845
1956.4584	53.42782152
1956.5416	51.81243691
1956.625	48.96628306
1956.7084	47.81243691
1956.7916	56.27397537
1956.875	49.65859075
1956.9584	33.04320614
1957.0416	22.5047446
1957.125	15.04320614
1957.2084	9.427821522
1957.2916	12.88935998
1957.375	16.42782152
1957.4584	13.88935998
1957.5416	3.120129215
1957.625	5.427821522
1957.7084	18.12012921
1957.7916	23.27397537
1957.875	29.35089845
1957.9584	30.81243691
1958.0416	37.58166768
1958.125	32.65859075
1958.2084	32.65859075
1958.2916	35.27397537
1958.375	31.81243691
1958.4584	29.73551383
1958.5416	28.81243691
1958.625	27.65859075
1958.7084	23.65859075
1958.7916	17.04320614
1958.875	19.12012921
1958.9584	9.043206138
1959.0416	4.812436907
1959.125	-0.802947708
1959.2084	-3.649101555
1959.2916	-2.726024632
1959.375	-8.187563093
1959.4584	2.120129215
1959.5416	-1.879870785
1959.625	1.120129215
1959.7084	1.350898445
1959.7916	6.350898445
1959.875	11.81243691
1959.9584	5.73551383
1960.0416	3.350898445
1960.125	5.889359984
1960.2084	6.812436907
1960.2916	12.96628306
1960.375	18.58166768
1960.4584	20.27397537
1960.5416	6.889359984
1960.625	8.043206138
1960.7084	5.73551383
1960.7916	8.043206138
1960.875	8.504744599
1960.9584	4.73551383
1961.0416	3.120129215
1961.125	0.812436907
1961.2084	-6.879870785
1961.2916	-8.033716939
1961.375	-12.03371694
1961.4584	-14.87987079
1961.5416	-10.41833232
1961.625	2.504744599
1961.7084	4.350898445
1961.7916	3.658590753
1961.875	14.27397537
1961.9584	13.5047446
1962.0416	6.658590753
1962.125	4.966283061
1962.2084	5.889359984
1962.2916	12.65859075
1962.375	17.35089845
1962.4584	18.96628306
1962.5416	11.04320614
1962.625	11.96628306
1962.7084	6.273975368
1962.7916	10.73551383
1962.875	16.12012921
1962.9584	15.12012921
1963.0416	20.35089845
1963.125	22.04320614
1963.2084	24.42782152
1963.2916	16.5047446
1963.375	9.966283061
1963.4584	3.427821522
1963.5416	13.5047446
1963.625	24.27397537
1963.7084	22.88935998
1963.7916	25.73551383
1963.875	29.27397537
1963.9584	32.5047446
1964.0416	34.88935998
1964.125	25.5047446
1964.2084	19.88935998
1964.2916	18.96628306
1964.375	31.81243691
1964.4584	41.65859075
1964.5416	47.96628306
1964.625	38.58166768
1964.7084	38.35089845
1964.7916	41.58166768
1964.875	41.35089845
1964.9584	41.35089845
1965.0416	32.96628306
1965.125	18.65859075
1965.2084	17.65859075
1965.2916	18.19705229
1965.375	16.04320614
1965.4584	7.812436907
1965.5416	-2.418332324
1965.625	1.581667676
1965.7084	7.889359984
1965.7916	15.35089845
1965.875	18.65859075
1965.9584	19.12012921
1966.0416	12.58166768
1966.125	4.812436907
1966.2084	4.812436907
1966.2916	1.350898445
1966.375	2.889359984
1966.4584	1.043206138
1966.5416	7.504744599
1966.625	6.043206138
1966.7084	-1.341409247
1966.7916	-7.802947708
1966.875	-15.64910155
1966.9584	-22.26448617
1967.0416	-24.41833232
1967.125	-24.64910155
1967.2084	-17.72602463
1967.2916	-18.26448617
1967.375	-11.4952554
1967.4584	-8.572178478
1967.5416	-3.341409247
1967.625	-7.802947708
1967.7084	-0.110640016
1967.7916	11.12012921
1967.875	25.88935998
1967.9584	29.88935998
1968.0416	27.73551383
1968.125	30.58166768
1968.2084	26.35089845
1968.2916	23.27397537
1968.375	29.04320614
1968.4584	23.73551383
1968.5416	25.42782152
1968.625	14.5047446
1968.7084	12.19705229
1968.7916	15.12012921
1968.875	5.812436907
1968.9584	-1.26448617
1969.0416	-12.18756309
1969.125	-17.11064002
1969.2084	-21.64910155
1969.2916	-25.41833232
1969.375	-24.95679386
1969.4584	-23.64910155
1969.5416	-22.34140925
1969.625	-26.72602463
1969.7084	-14.26448617
1969.7916	-2.879870785
1969.875	-1.802947708
1969.9584	0.350898445
1970.0416	-5.495255401
1970.125	-4.956793862
1970.2084	-0.495255401
1970.2916	-0.649101555
1970.375	2.350898445
1970.4584	5.812436907
1970.5416	6.73551383
1970.625	8.966283061
1970.7084	4.504744599
1970.7916	4.197052292
1970.875	5.812436907
1970.9584	4.504744599
1971.0416	2.120129215
1971.125	2.504744599
1971.2084	5.966283061
1971.2916	11.65859075
1971.375	14.27397537
1971.4584	16.58166768
1971.5416	16.12012921
1971.625	8.350898445
1971.7084	10.35089845
1971.7916	23.27397537
1971.875	21.81243691
1971.9584	11.73551383
1972.0416	13.04320614
1972.125	13.35089845
1972.2084	9.581667676
1972.2916	4.350898445
1972.375	-3.033716939
1972.4584	-2.187563093
1972.5416	0.504744599
1972.625	-1.802947708
1972.7084	3.581667676
1972.7916	9.73551383
1972.875	12.81243691
1972.9584	17.42782152
1973.0416	18.19705229
1973.125	18.19705229
1973.2084	17.42782152
1973.2916	21.27397537
1973.375	29.73551383
1973.4584	35.12012921
1973.5416	33.58166768
1973.625	35.12012921
1973.7084	35.88935998
1973.7916	42.81243691
1973.875	45.12012921
1973.9584	48.96628306
1974.0416	52.04320614
1974.125	57.42782152
1974.2084	53.58166768
1974.2916	54.35089845
1974.375	58.19705229
1974.4584	63.58166768
1974.5416	65.88935998
1974.625	61.27397537
1974.7084	62.81243691
1974.7916	69.73551383
1974.875	68.19705229
1974.9584	65.12012921
1975.0416	57.42782152
1975.125	52.04320614
1975.2084	45.88935998
1975.2916	44.35089845
1975.375	46.65859075
1975.4584	42.04320614
1975.5416	37.42782152
1975.625	32.81243691
1975.7084	43.58166768
1975.7916	48.96628306
1975.875	48.96628306
1975.9584	47.42782152
1976.0416	45.12012921
1976.125	45.12012921
1976.2084	43.58166768
1976.2916	50.5047446
1976.375	55.88935998
1976.4584	62.04320614
1976.5416	65.88935998
1976.625	64.35089845
1976.7084	72.04320614
1976.7916	73.58166768
1976.875	70.5047446
1976.9584	72.81243691
1977.0416	66.65859075
1977.125	55.12012921
1977.2084	44.35089845
1977.2916	39.73551383
1977.375	31.27397537
1977.4584	26.65859075
1977.5416	21.27397537
1977.625	19.73551383
1977.7084	20.5047446
1977.7916	25.88935998
1977.875	24.35089845
1977.9584	34.35089845
1978.0416	37.42782152
1978.125	39.73551383
1978.2084	41.27397537
1978.2916	42.04320614
1978.375	40.5047446
1978.4584	47.42782152
1978.5416	40.5047446
1978.625	33.58166768
1978.7084	35.12012921
1978.7916	39.73551383
1978.875	35.12012921
1978.9584	32.04320614
1979.0416	18.19705229
1979.125	4.350898445
1979.2084	-4.110640016
1979.2916	-4.879870785
1979.375	-6.418332324
1979.4584	5.889359984
1979.5416	7.427821522
1979.625	16.65859075
1979.7084	22.04320614
1979.7916	20.5047446
1979.875	18.96628306
1979.9584	18.96628306
1980.0416	17.42782152
1980.125	14.35089845
1980.2084	21.27397537
1980.2916	24.35089845
1980.375	28.19705229
1980.4584	32.04320614
1980.5416	22.81243691
1980.625	22.81243691
1980.7084	21.27397537
1980.7916	27.42782152
1980.875	29.73551383
1980.9584	35.88935998
1981.0416	32.81243691
1981.125	33.58166768
1981.2084	30.5047446
1981.2916	24.35089845
1981.375	25.88935998
1981.4584	32.81243691
1981.5416	35.12012921
1981.625	33.58166768
1981.7084	28.19705229
1981.7916	28.19705229
1981.875	25.88935998
1981.9584	26.65859075
1982.0416	13.58166768
1982.125	-1.802947708
1982.2084	-10.26448617
1982.2916	-4.879870785
1982.375	-7.187563093
1982.4584	-4.879870785
1982.5416	-10.26448617
1982.625	-14.87987079
1982.7084	-17.95679386
1982.7916	-10.26448617
1982.875	-22.57217848
1982.9584	-27.18756309
1983.0416	-34.87987079
1983.125	-39.4952554
1983.2084	-28.72602463
1983.2916	-24.87987079
1983.375	-28.72602463
1983.4584	-29.4952554
1983.5416	-33.34140925
1983.625	-27.18756309
1983.7084	-16.41833232
1983.7916	-5.649101555
1983.875	-6.418332324
1983.9584	11.27397537
1984.0416	14.35089845
1984.125	20.5047446
1984.2084	26.65859075
1984.2916	21.27397537
1984.375	21.27397537
1984.4584	32.81243691
1984.5416	43.58166768
1984.625	45.88935998
1984.7084	36.65859075
1984.7916	35.12012921
1984.875	35.88935998
1984.9584	38.96628306
1985.0416	35.12012921
1985.125	28.96628306
1985.2084	29.73551383
1985.2916	28.96628306
1985.375	35.88935998
1985.4584	42.81243691
1985.5416	39.73551383
1985.625	39.73551383
1985.7084	42.81243691
1985.7916	52.04320614
1985.875	48.96628306
1985.9584	50.5047446
1986.0416	42.04320614
1986.125	41.27397537
1986.2084	42.04320614
1986.2916	38.19705229
1986.375	38.96628306
1986.4584	36.65859075
1986.5416	32.04320614
1986.625	25.12012921
1986.7084	21.27397537
1986.7916	18.19705229
1986.875	13.58166768
1986.9584	13.58166768
1987.0416	6.658590753
1987.125	5.889359984
1987.2084	-0.26448617
1987.2916	0.504744599
1987.375	0.504744599
1987.4584	0.504744599
1987.5416	-2.572178478
1987.625	-0.26448617
1987.7084	-1.033716939
1987.7916	-1.033716939
1987.875	8.966283061
1987.9584	15.88935998
1988.0416	18.96628306
1988.125	21.27397537
1988.2084	25.12012921
1988.2916	38.96628306
1988.375	42.81243691
1988.4584	42.81243691
1988.5416	45.12012921
1988.625	51.27397537
1988.7084	49.73551383
1988.7916	52.81243691
1988.875	58.19705229
1988.9584	57.42782152
1989.0416	55.12012921
1989.125	54.35089845
1989.2084	55.12012921
1989.2916	56.65859075
1989.375	43.58166768
1989.4584	42.04320614
1989.5416	42.04320614
1989.625	47.42782152
1989.7084	46.65859075
1989.7916	54.35089845
1989.875	65.12012921
1989.9584	67.42782152
1990.0416	63.58166768
1990.125	68.96628306
1990.2084	62.81243691
1990.2916	61.27397537
1990.375	58.96628306
1990.4584	65.88935998
1990.5416	66.65859075
1990.625	72.04320614
1990.7084	72.81243691
1990.7916	78.96628306
1990.875	72.04320614
1990.9584	63.58166768
1991.0416	64.35089845
1991.125	63.58166768
1991.2084	51.27397537
1991.2916	49.73551383
1991.375	42.81243691
1991.4584	39.73551383
1991.5416	35.12012921
1991.625	32.81243691
1991.7084	24.35089845
1991.7916	18.96628306
1991.875	15.88935998
1991.9584	23.58166768
1992.0416	27.42782152
1992.125	22.04320614
1992.2084	20.5047446
1992.2916	18.96628306
1992.375	26.65859075
1992.4584	28.96628306
1992.5416	26.65859075
1992.625	24.35089845
1992.7084	23.58166768
1992.7916	27.42782152
1992.875	26.65859075
1992.9584	27.42782152
1993.0416	20.5047446
1993.125	12.81243691
1993.2084	2.812436907
1993.2916	0.504744599
1993.375	-1.033716939
1993.4584	-4.110640016
1993.5416	7.273975368
1993.625	7.581667676
1993.7084	10.5047446
1993.7916	14.27397537
1993.875	18.35089845
1993.9584	18.81243691
1994.0416	14.5047446
1994.125	9.350898445
1994.2084	9.812436907
1994.2916	10.81243691
1994.375	11.35089845
1994.4584	7.73551383
1994.5416	3.427821522
1994.625	-9.726024632
1994.7084	-2.495255401
1994.7916	5.273975368
1994.875	6.581667676
1994.9584	4.73551383
1995.0416	5.966283061
1995.125	-0.649101555
1995.2084	-0.956793862
1995.2916	-2.572178478
1995.375	0.966283061
1995.4584	5.043206138
1995.5416	11.88935998
1995.625	19.27397537
1995.7084	20.81243691
1995.7916	22.42782152
1995.875	16.58166768
1995.9584	17.73551383
1996.0416	21.5047446
1996.125	19.12012921
1996.2084	29.19705229
1996.2916	25.19705229
1996.375	29.12012921
1996.4584	27.5047446
1996.5416	16.88935998
1996.625	12.42782152
1996.7084	8.889359984
1996.7916	12.81243691
1996.875	11.65859075
1996.9584	9.966283061
1997.0416	0.581667676
1997.125	-5.802947708
1997.2084	-12.80294771
1997.2916	-19.4952554
1997.375	-17.95679386
1997.4584	-22.03371694
1997.5416	-29.80294771
1997.625	-23.4952554
1997.7084	-13.34140925
1997.7916	-4.495255401
1997.875	3.043206138
1997.9584	6.658590753
1998.0416	9.812436907
1998.125	12.58166768
1998.2084	10.58166768
1998.2916	26.73551383
1998.375	26.5047446
1998.4584	38.27397537
1998.5416	42.73551383
1998.625	51.12012921
1998.7084	52.88935998
1998.7916	55.73551383
1998.875	53.12012921
1998.9584	51.19705229
1999.0416	46.65859075
1999.125	41.42782152
1999.2084	40.88935998
1999.2916	44.35089845
1999.375	33.81243691
1999.4584	36.73551383
1999.5416	30.27397537
1999.625	27.58166768
1999.7084	29.04320614
1999.7916	34.96628306
1999.875	37.65859075
1999.9584	33.81243691
2000.0416	32.81243691
2000.125	29.96628306
2000.2084	34.35089845
2000.2916	40.58166768
2000.375	34.73551383
2000.4584	44.35089845
2000.5416	49.5047446
2000.625	50.73551383
2000.7084	59.81243691
2000.7916	72.04320614
2000.875	75.35089845
2000.9584	69.35089845
2001.0416	72.58166768
2001.125	78.88935998
2001.2084	78.96628306
2001.2916	87.73551383
2001.375	86.5047446
2001.4584	98.27397537
2001.5416	96.27397537
2001.625	97.35089845
2001.7084	101.2739754
2001.7916	94.5047446
2001.875	89.04320614
2001.9584	86.58166768
2002.0416	82.81243691
2002.125	74.88935998
2002.2084	65.19705229
2002.2916	62.19705229
2002.375	48.27397537
2002.4584	45.42782152
2002.5416	36.88935998
2002.625	27.81243691
2002.7084	22.73551383
2002.7916	21.5047446
2002.875	26.04320614
2002.9584	31.96628306
2003.0416	24.88935998
2003.125	27.04320614
2003.2084	35.73551383
2003.2916	34.65859075
2003.375	31.81243691
2003.4584	33.65859075
2003.5416	35.73551383
2003.625	39.65859075
2003.7084	43.19705229
2003.7916	42.81243691
2003.875	50.58166768
2003.9584	49.58166768
2004.0416	34.81243691
2004.125	36.19705229
2004.2084	29.81243691
2004.2916	22.81243691
2004.375	21.81243691
2004.4584	28.5047446
2004.5416	28.27397537
2004.625	29.12012921
2004.7084	29.35089845
2004.7916	24.42782152
2004.875	30.35089845
2004.9584	24.35089845
2005.0416	24.12012921
2005.125	24.58166768
2005.2084	23.04320614
2005.2916	27.65859075
2005.375	32.5047446
2005.4584	44.73551383
2005.5416	44.35089845
2005.625	48.73551383
2005.7084	46.73551383
2005.7916	60.12012921
2005.875	71.04320614
2005.9584	66.88935998
2006.0416	59.19705229
2006.125	52.88935998
2006.2084	52.96628306
2006.2916	49.58166768
2006.375	47.73551383
2006.4584	38.27397537
2006.5416	24.88935998
2006.625	19.42782152
2006.7084	24.5047446
2006.7916	27.65859075
2006.875	19.27397537
2006.9584	25.19705229
2007.0416	30.73551383
2007.125	33.88935998
2007.2084	35.42782152
2007.2916	41.27397537
2007.375	40.88935998
2007.4584	42.88935998
2007.5416	50.19705229
2007.625	57.73551383
2007.7084	64.35089845
2007.7916	62.19705229
2007.875	62.12012921
2007.9584	59.42782152
2008.0416	51.5047446
2008.125	44.19705229
2008.2084	42.04320614
2008.2916	37.81243691
2008.375	34.96628306
2008.4584	45.27397537
2008.5416	46.73551383
2008.625	45.35089845
2008.7084	41.58166768
2008.7916	42.5047446
2008.875	44.5047446
2008.9584	48.81243691
2009.0416	51.04320614
2009.125	48.88935998
2009.2084	50.65859075
2009.2916	51.81243691
2009.375	57.5047446
2009.4584	58.58166768
2009.5416	53.12012921
2009.625	50.27397537
2009.7084	48.19705229
2009.7916	48.65859075
2009.875	58.58166768
2009.9584	62.81243691
2010.0416	57.81243691
2010.125	58.19705229
2010.2084	58.65859075
2010.2916	55.5047446
2010.375	56.19705229
2010.4584	58.12012921
2010.5416	58.73551383
2010.625	63.73551383
2010.7084	68.35089845
2010.7916	80.35089845
2010.875	91.58166768
2010.9584	88.73551383
2011.0416	83.88935998
2011.125	82.88935998
2011.2084	76.65859075
2011.2916	73.5047446
2011.375	78.5047446
2011.4584	80.81243691
2011.5416	79.27397537
2011.625	80.04320614
2011.7084	79.73551383
2011.7916	85.19705229
2011.875	84.42782152
2011.9584	76.88935998
2012.0416	68.27397537
2012.125	64.12012921
2012.2084	62.12012921
2012.2916	61.27397537
2012.375	60.27397537
2012.4584	60.12012921
2012.5416	36.42782152
2012.625	51.42782152
2012.7084	17.42782152
2012.7916	23.42782152
2012.875	3.427821522
2012.9584	59.42782152
