0	-0.015347458
0.083333333	-0.015246629
0.166666667	-0.01506045
0.25	-0.014802024
0.333333333	-0.014482442
0.416666667	-0.014111093
0.5	-0.013732058
0.583333333	-0.013346519
0.666666667	-0.012955473
0.75	-0.012559767
0.833333333	-0.012160114
0.916666667	-0.011757122
1	-0.011351303
1.083333333	-0.01094309
1.166666667	-0.010532852
1.25	-0.010120899
1.333333333	-0.009707495
1.416666667	-0.009292862
1.5	-0.008931437
1.583333333	-0.008615051
1.666666667	-0.00833679
1.75	-0.008090801
1.833333333	-0.00787213
1.916666667	-0.007676583
2	-0.00750061
2.083333333	-0.007341206
2.166666667	-0.007195827
2.25	-0.007062321
2.333333333	-0.006938864
2.416666667	-0.006823914
2.5	-0.006705494
2.583333333	-0.006584138
2.666666667	-0.006460296
2.75	-0.00633435
2.833333333	-0.006206623
2.916666667	-0.006077388
3	-0.005946876
3.083333333	-0.005815284
3.166666667	-0.005682778
3.25	-0.005549497
3.333333333	-0.005415562
3.416666667	-0.005281071
3.5	-0.005211209
3.583333333	-0.005196052
3.666666667	-0.005227203
3.75	-0.005297553
3.833333333	-0.005401084
3.916666667	-0.005532703
4	-0.005688096
4.083333333	-0.005863614
4.166666667	-0.006056169
4.25	-0.006263143
4.333333333	-0.006482325
4.416666667	-0.006711839
4.5	-0.006955255
4.583333333	-0.007210439
4.666666667	-0.007475584
4.75	-0.007749162
4.833333333	-0.008029877
4.916666667	-0.008316634
5	-0.008608506
5.083333333	-0.008904706
5.166666667	-0.009204571
5.25	-0.009507538
5.333333333	-0.009813131
5.416666667	-0.010120947
5.5	-0.010455616
5.583333333	-0.010813016
5.666666667	-0.011189657
5.75	-0.011582585
5.833333333	-0.0119893
5.916666667	-0.012407686
6	-0.012835951
6.083333333	-0.013272578
6.166666667	-0.013716283
6.25	-0.01416598
6.333333333	-0.014620749
6.416666667	-0.015079811
6.5	-0.015487902
6.583333333	-0.015852845
6.666666667	-0.016181265
6.75	-0.016478768
6.833333333	-0.016750102
6.916666667	-0.016999284
7	-0.017229713
7.083333333	-0.01744427
7.166666667	-0.017645391
7.25	-0.017835138
7.333333333	-0.018015258
7.416666667	-0.018187229
7.5	-0.018348669
7.583333333	-0.018501197
7.666666667	-0.018646179
7.75	-0.018784775
7.833333333	-0.018917965
7.916666667	-0.019046578
8	-0.019171318
8.083333333	-0.019292779
8.166666667	-0.019411464
8.25	-0.019527799
8.333333333	-0.019642146
8.416666667	-0.019754809
8.5	-0.019862909
8.583333333	-0.019967147
8.666666667	-0.020068114
8.75	-0.020166313
8.833333333	-0.02026217
8.916666667	-0.020356043
9	-0.020448238
9.083333333	-0.020539012
9.166666667	-0.020628582
9.25	-0.020717135
9.333333333	-0.020804826
9.416666667	-0.020891787
9.5	-0.020949885
9.583333333	-0.020983553
9.666666667	-0.020996539
9.75	-0.02099202
9.833333333	-0.020972683
9.916666667	-0.020940802
10	-0.020898303
10.08333333	-0.020846816
10.16666667	-0.020787721
10.25	-0.020722187
10.33333333	-0.0206512
10.41666667	-0.0205756
10.5	-0.020398896
10.58333333	-0.020136609
10.66666667	-0.019801878
10.75	-0.019405825
10.83333333	-0.018957864
10.91666667	-0.018465963
11	-0.017936868
11.08333333	-0.017376289
11.16666667	-0.01678906
11.25	-0.016179271
11.33333333	-0.015550387
11.41666667	-0.014905338
11.5	-0.01431511
11.58333333	-0.013771288
11.66666667	-0.013266748
11.75	-0.012795458
11.83333333	-0.012352315
11.91666667	-0.011932997
12	-0.011533847
12.08333333	-0.011151769
12.16666667	-0.010784142
12.25	-0.010428747
12.33333333	-0.010083706
12.41666667	-0.00974743
12.5	-0.009399565
12.58333333	-0.009041889
12.66666667	-0.008675908
12.75	-0.008302898
12.83333333	-0.007923937
12.91666667	-0.00753994
13	-0.007151679
13.08333333	-0.006759809
13.16666667	-0.006364883
13.25	-0.005967372
13.33333333	-0.005567672
13.41666667	-0.005166118
13.5	-0.004783485
13.58333333	-0.004416867
13.66666667	-0.004063806
13.75	-0.003722221
13.83333333	-0.00339035
13.91666667	-0.003066701
14	-0.002750013
14.08333333	-0.002439216
14.16666667	-0.002133407
14.25	-0.001831819
14.33333333	-0.001533805
14.41666667	-0.001238816
14.5	-0.001041253
14.58333333	-0.000926161
14.66666667	-0.000880878
14.75	-0.000894687
14.83333333	-0.000958517
14.91666667	-0.001064688
15	-0.001206701
15.08333333	-0.001379053
15.16666667	-0.001577086
15.25	-0.001796858
15.33333333	-0.002035032
15.41666667	-0.002288782
15.5	-0.002584679
15.58333333	-0.002916254
15.66666667	-0.003278028
15.75	-0.003665366
15.83333333	-0.004074343
15.91666667	-0.004501637
16	-0.004944436
16.08333333	-0.00540036
16.16666667	-0.005867394
16.25	-0.006343833
16.33333333	-0.006828231
16.41666667	-0.007319369
16.5	-0.007800339
16.58333333	-0.008272704
16.66666667	-0.008737784
16.75	-0.009196697
16.83333333	-0.00965039
16.91666667	-0.010099665
17	-0.0105452
17.08333333	-0.010987569
17.16666667	-0.011427258
17.25	-0.011864678
17.33333333	-0.012300178
17.41666667	-0.012734053
17.5	-0.013111497
17.58333333	-0.013441174
17.66666667	-0.013730416
17.75	-0.013985431
17.83333333	-0.014211474
17.91666667	-0.014412992
18	-0.014593751
18.08333333	-0.014756936
18.16666667	-0.014905247
18.25	-0.015040967
18.33333333	-0.015166028
18.41666667	-0.015282067
18.5	-0.015403515
18.58333333	-0.015529542
18.66666667	-0.015659445
18.75	-0.015792629
18.83333333	-0.015928591
18.91666667	-0.016066903
19	-0.016207205
19.08333333	-0.016349191
19.16666667	-0.016492604
19.25	-0.016637223
19.33333333	-0.016782864
19.41666667	-0.01692937
19.5	-0.017067148
19.58333333	-0.017197539
19.66666667	-0.017321676
19.75	-0.017440519
19.83333333	-0.017554881
19.91666667	-0.01766545
20	-0.017772809
20.08333333	-0.01787745
20.16666667	-0.01797979
20.25	-0.018080183
20.33333333	-0.018178927
20.41666667	-0.018276276
20.5	-0.018393739
20.58333333	-0.018528229
20.66666667	-0.018677131
20.75	-0.018838234
20.83333333	-0.019009663
20.91666667	-0.019189835
21	-0.019377406
21.08333333	-0.01957124
21.16666667	-0.019770377
21.25	-0.019974002
21.33333333	-0.020181426
21.41666667	-0.020392066
21.5	-0.020566513
21.58333333	-0.020710324
21.66666667	-0.020828201
21.75	-0.020924127
21.83333333	-0.021001471
21.91666667	-0.021063085
22	-0.021111385
22.08333333	-0.021148414
22.16666667	-0.021175903
22.25	-0.021195316
22.33333333	-0.021207894
22.41666667	-0.021214685
22.5	-0.021126239
22.58333333	-0.020957178
22.66666667	-0.020719877
22.75	-0.020424812
22.83333333	-0.020080852
22.91666667	-0.019695502
23	-0.019275116
23.08333333	-0.018825073
23.16666667	-0.018349927
23.25	-0.01785353
23.33333333	-0.017339146
23.41666667	-0.016809535
23.5	-0.016240136
23.58333333	-0.015637056
23.66666667	-0.015005467
23.75	-0.014349745
23.83333333	-0.013673594
23.91666667	-0.012980152
24	-0.012272072
24.08333333	-0.011551602
24.16666667	-0.010820644
24.25	-0.010080808
24.33333333	-0.009333456
24.41666667	-0.008579744
24.5	-0.008026429
24.58333333	-0.007642747
24.66666667	-0.007402657
24.75	-0.007284114
24.83333333	-0.007268459
24.91666667	-0.007339896
25	-0.007485056
25.08333333	-0.00769262
25.16666667	-0.007953009
25.25	-0.008258112
25.33333333	-0.008601066
25.41666667	-0.008976059
25.5	-0.009205432
25.58333333	-0.009311541
25.66666667	-0.009313308
25.75	-0.009226752
25.83333333	-0.009065433
25.91666667	-0.008840827
26	-0.008562651
26.08333333	-0.008239128
26.16666667	-0.00787722
26.25	-0.00748282
26.33333333	-0.007060916
26.41666667	-0.00661573
26.5	-0.006290805
26.58333333	-0.006067678
26.66666667	-0.005930722
26.75	-0.005866707
26.83333333	-0.005864437
26.91666667	-0.005914431
27	-0.006008666
27.08333333	-0.006140351
27.16666667	-0.006303737
27.25	-0.006493956
27.33333333	-0.00670689
27.41666667	-0.00693905
27.5	-0.007106384
27.58333333	-0.007218843
27.66666667	-0.007284851
27.75	-0.007311539
27.83333333	-0.007304944
27.91666667	-0.007270176
28	-0.007211559
28.08333333	-0.007132754
28.16666667	-0.007036861
28.25	-0.006926504
28.33333333	-0.006803902
28.41666667	-0.006670935
28.5	-0.006607967
28.58333333	-0.00660425
28.66666667	-0.006650689
28.75	-0.006739584
28.83333333	-0.006864417
28.91666667	-0.007019671
29	-0.007200676
29.08333333	-0.007403478
29.16666667	-0.007624732
29.25	-0.007861604
29.33333333	-0.008111697
29.41666667	-0.008372981
29.5	-0.008653916
29.58333333	-0.008951484
29.66666667	-0.009263132
29.75	-0.009586699
29.83333333	-0.009920354
29.91666667	-0.01026255
30	-0.010611974
30.08333333	-0.010967517
30.16666667	-0.01132824
30.25	-0.011693348
30.33333333	-0.012062167
30.41666667	-0.012434128
30.5	-0.012786466
30.58333333	-0.013122195
30.66666667	-0.013443863
30.75	-0.013753629
30.83333333	-0.014053321
30.91666667	-0.014344484
31	-0.01462843
31.08333333	-0.014906264
31.16666667	-0.015178926
31.25	-0.01544721
31.33333333	-0.015711788
31.41666667	-0.015973228
31.5	-0.01621529
31.58333333	-0.016440949
31.66666667	-0.016652722
31.75	-0.016852742
31.83333333	-0.017042813
31.91666667	-0.017224462
32	-0.017398983
32.08333333	-0.017567468
32.16666667	-0.017730846
32.25	-0.0178899
32.33333333	-0.018045294
32.41666667	-0.018197589
32.5	-0.018319108
32.58333333	-0.018414573
32.66666667	-0.018487985
32.75	-0.01854273
32.83333333	-0.018581673
32.91666667	-0.01860724
33	-0.018621485
33.08333333	-0.018626145
33.16666667	-0.018622693
33.25	-0.018612373
33.33333333	-0.01859624
33.41666667	-0.018575186
33.5	-0.018527372
33.58333333	-0.018456904
33.66666667	-0.018367262
33.75	-0.018261388
33.83333333	-0.018141774
33.91666667	-0.01801053
34	-0.017869442
34.08333333	-0.01772002
34.16666667	-0.017563543
34.25	-0.017401096
34.33333333	-0.017233594
34.41666667	-0.017061813
34.5	-0.016779844
34.58333333	-0.0164046
34.66666667	-0.015950403
34.75	-0.015429373
34.83333333	-0.014851769
34.91666667	-0.014226278
35	-0.01356025
35.08333333	-0.012859908
35.16666667	-0.012130521
35.25	-0.011376548
35.33333333	-0.010601762
35.41666667	-0.00980936
35.5	-0.009044457
35.58333333	-0.008302831
35.66666667	-0.00758091
35.75	-0.006875667
35.83333333	-0.006184544
35.91666667	-0.005505371
36	-0.004836316
36.08333333	-0.004175823
36.16666667	-0.003522579
36.25	-0.002875471
36.33333333	-0.002233557
36.41666667	-0.00159604
36.5	-0.000989592
36.58333333	-0.000409444
36.66666667	0.000148441
36.75	0.000687482
36.83333333	0.001210571
36.91666667	0.001720157
37	0.002218313
37.08333333	0.002706794
37.16666667	0.003187086
37.25	0.003660444
37.33333333	0.004127935
37.41666667	0.004590458
37.5	0.004964759
37.58333333	0.005264383
37.66666667	0.005500793
37.75	0.005683694
37.83333333	0.0058213
37.91666667	0.005920566
38	0.005987376
38.08333333	0.006026715
38.16666667	0.006042798
38.25	0.006039196
38.33333333	0.006018932
38.41666667	0.005984563
38.5	0.005852623
38.58333333	0.005638092
38.66666667	0.005353649
38.75	0.005010027
38.83333333	0.004616311
38.91666667	0.00418019
39	0.003708176
39.08333333	0.003205778
39.16666667	0.002677661
39.25	0.002127773
39.33333333	0.001559456
39.41666667	0.00097554
39.5	0.000408457
39.58333333	-0.000144377
39.66666667	-0.000685149
39.75	-0.001215712
39.83333333	-0.001737632
39.91666667	-0.002252236
40	-0.002760647
40.08333333	-0.003263817
40.16666667	-0.003762549
40.25	-0.004257525
40.33333333	-0.004749322
40.41666667	-0.005238428
40.5	-0.005699566
40.58333333	-0.00613703
40.66666667	-0.006554455
40.75	-0.006954917
40.83333333	-0.00734102
40.91666667	-0.007714969
41	-0.008078628
41.08333333	-0.008433579
41.16666667	-0.008781158
41.25	-0.009122496
41.33333333	-0.009458552
41.41666667	-0.009790136
41.5	-0.010123674
41.58333333	-0.010458866
41.66666667	-0.010795457
41.75	-0.011133234
41.83333333	-0.011472013
41.91666667	-0.011811642
42	-0.012151989
42.08333333	-0.012492945
42.16666667	-0.012834416
42.25	-0.013176322
42.33333333	-0.013518598
42.41666667	-0.013861186
42.5	-0.014136968
42.58333333	-0.014356201
42.66666667	-0.014527565
42.75	-0.01465841
42.83333333	-0.014754956
42.91666667	-0.014822468
43	-0.014865404
43.08333333	-0.014887537
43.16666667	-0.01489206
43.25	-0.014881676
43.33333333	-0.014858674
43.41666667	-0.014824992
43.5	-0.014782313
43.58333333	-0.014732019
43.66666667	-0.014675279
43.75	-0.014613083
43.83333333	-0.014546267
43.91666667	-0.014475542
44	-0.014401507
44.08333333	-0.014324671
44.16666667	-0.014245463
44.25	-0.014164248
44.33333333	-0.014081334
44.41666667	-0.013996982
44.5	-0.013834075
44.58333333	-0.013604674
44.66666667	-0.013318986
44.75	-0.012985652
44.83333333	-0.012611988
44.91666667	-0.012204184
45	-0.011767482
45.08333333	-0.011306318
45.16666667	-0.010824447
45.25	-0.010325048
45.33333333	-0.009810812
45.41666667	-0.009284017
45.5	-0.008792769
45.58333333	-0.00833161
45.66666667	-0.007895922
45.75	-0.007481794
45.83333333	-0.007085916
45.91666667	-0.006705486
46	-0.006338134
46.08333333	-0.005981851
46.16666667	-0.005634937
46.25	-0.005295956
46.33333333	-0.004963688
46.41666667	-0.004637103
46.5	-0.004278387
46.58333333	-0.003892472
46.66666667	-0.003483534
46.75	-0.003055107
46.83333333	-0.002610184
46.91666667	-0.002151296
47	-0.001680587
47.08333333	-0.001199873
47.16666667	-0.000710688
47.25	-0.000214335
47.33333333	0.000288088
47.41666667	0.000795648
47.5	0.001170457
47.58333333	0.001432896
47.66666667	0.001600215
47.75	0.001687017
47.83333333	0.001705663
47.91666667	0.001666616
48	0.001578733
48.08333333	0.001449511
48.16666667	0.001285296
48.25	0.001091461
48.33333333	0.000872552
48.41666667	0.000632419
48.5	0.00041068
48.58333333	0.000204511
48.66666667	1.15E-05
48.75	-0.000170312
48.83333333	-0.000342701
48.91666667	-0.000507097
49	-0.000664726
49.08333333	-0.000816628
49.16666667	-0.00096368
49.25	-0.001106629
49.33333333	-0.001246104
49.41666667	-0.001382637
49.5	-0.001506191
49.58333333	-0.001618757
49.66666667	-0.001722022
49.75	-0.001817415
49.83333333	-0.001906143
49.91666667	-0.00198923
50	-0.002067542
50.08333333	-0.002141812
50.16666667	-0.00221266
50.25	-0.002280613
50.33333333	-0.002346113
50.41666667	-0.002409538
50.5	-0.002517878
50.58333333	-0.002664236
50.66666667	-0.002842777
50.75	-0.00304856
50.83333333	-0.003277403
50.91666667	-0.003525765
51	-0.003790651
51.08333333	-0.004069523
51.16666667	-0.004360234
51.25	-0.004660967
51.33333333	-0.004970183
51.41666667	-0.00528658
51.5	-0.005602465
51.58333333	-0.005917917
51.66666667	-0.006233002
51.75	-0.006547776
51.83333333	-0.006862288
51.91666667	-0.007176577
52	-0.007490677
52.08333333	-0.007804619
52.16666667	-0.008118425
52.25	-0.008432117
52.33333333	-0.008745713
52.41666667	-0.009059226
52.5	-0.009378768
52.58333333	-0.009703412
52.66666667	-0.010032376
52.75	-0.010364995
52.83333333	-0.01070071
52.91666667	-0.011039044
53	-0.011379596
53.08333333	-0.011722025
53.16666667	-0.012066042
53.25	-0.012411405
53.33333333	-0.012757907
53.41666667	-0.013105372
53.5	-0.013349327
53.58333333	-0.013505662
53.66666667	-0.01358783
53.75	-0.013607215
53.83333333	-0.013573456
53.91666667	-0.013494712
54	-0.013377888
54.08333333	-0.013228832
54.16666667	-0.01305249
54.25	-0.012853052
54.33333333	-0.012634063
54.41666667	-0.012398525
54.5	-0.012102129
54.58333333	-0.011754216
54.66666667	-0.011362696
54.75	-0.010934264
54.83333333	-0.010474585
54.91666667	-0.009988457
55	-0.009479941
55.08333333	-0.008952473
55.16666667	-0.008408962
55.25	-0.007851872
55.33333333	-0.007283288
55.41666667	-0.006704973
55.5	-0.006040861
55.58333333	-0.005304124
55.66666667	-0.00450591
55.75	-0.003655657
55.83333333	-0.002761355
55.91666667	-0.001829765
56	-0.000866613
56.08333333	0.000123257
56.16666667	0.001135743
56.25	0.002167373
56.33333333	0.003215208
56.41666667	0.00427676
56.5	0.005145889
56.58333333	0.005852136
56.66666667	0.006420506
56.75	0.006872165
56.83333333	0.007225032
56.91666667	0.007494271
57	0.007692723
57.08333333	0.007831253
57.16666667	0.007919061
57.25	0.007963934
57.33333333	0.007972463
57.41666667	0.007950228
57.5	0.007902488
57.58333333	0.007833161
57.66666667	0.007745559
57.75	0.007642489
57.83333333	0.007526324
57.91666667	0.007399076
58	0.007262446
58.08333333	0.007117873
58.16666667	0.006966578
58.25	0.006809593
58.33333333	0.00664779
58.41666667	0.00648191
58.5	0.006334188
58.58333333	0.006201836
58.66666667	0.006082495
58.75	0.005974167
58.83333333	0.005875161
58.91666667	0.005784047
59	0.005699613
59.08333333	0.005620834
59.16666667	0.00554684
59.25	0.005476899
59.33333333	0.005410386
59.41666667	0.005346777
59.5	0.005264868
59.58333333	0.005167468
59.66666667	0.005056955
59.75	0.004935343
59.83333333	0.004804335
59.91666667	0.004665374
60	0.00451968
60.08333333	0.004368288
60.16666667	0.004212072
60.25	0.004051773
60.33333333	0.003888017
60.41666667	0.003721335
60.5	0.003544779
60.58333333	0.003359865
60.66666667	0.003167876
60.75	0.002969898
60.83333333	0.002766851
60.91666667	0.002559512
61	0.002348541
61.08333333	0.002134495
61.16666667	0.001917846
61.25	0.001698994
61.33333333	0.001478277
61.41666667	0.001255981
61.5	0.001021544
61.58333333	0.00077683
61.66666667	0.000523417
61.75	0.00026264
61.83333333	-4.37E-06
61.91666667	-0.000276658
62	-0.000553411
62.08333333	-0.000833946
62.16666667	-0.00111768
62.25	-0.001404124
62.33333333	-0.001692861
62.41666667	-0.001983539
62.5	-0.002300338
62.58333333	-0.00263925
62.66666667	-0.002996878
62.75	-0.00337035
62.83333333	-0.003757234
62.91666667	-0.00415547
63	-0.004563316
63.08333333	-0.004979296
63.16666667	-0.005402162
63.25	-0.005830856
63.33333333	-0.006264484
63.41666667	-0.006702289
63.5	-0.007059477
63.58333333	-0.007348426
63.66666667	-0.00757961
63.75	-0.007761899
63.83333333	-0.007902798
63.91666667	-0.008008661
64	-0.008084867
64.08333333	-0.00813597
64.16666667	-0.008165822
64.25	-0.008177686
64.33333333	-0.008174324
64.41666667	-0.008158073
64.5	-0.008024613
64.58333333	-0.007791938
64.66666667	-0.007475279
64.75	-0.00708753
64.83333333	-0.006639604
64.91666667	-0.006140738
65	-0.005598754
65.08333333	-0.005020271
65.16666667	-0.004410892
65.25	-0.00377536
65.33333333	-0.003117691
65.41666667	-0.002441282
65.5	-0.001824733
65.58333333	-0.001258854
65.66666667	-0.000735868
65.75	-0.000249188
65.83333333	0.000206759
65.91666667	0.00063669
66	0.0010446
66.08333333	0.001433869
66.16666667	0.00180736
66.25	0.002167494
66.33333333	0.002516321
66.41666667	0.002855579
66.5	0.003250084
66.58333333	0.003691354
66.66666667	0.004172212
66.75	0.004686579
66.83333333	0.005229311
66.91666667	0.005796053
67	0.00638312
67.08333333	0.006987392
67.16666667	0.007606226
67.25	0.008237388
67.33333333	0.008878984
67.41666667	0.009529414
67.5	0.010138498
67.58333333	0.010712583
67.66666667	0.011257042
67.75	0.011776424
67.83333333	0.012274577
67.91666667	0.012754763
68	0.013219737
68.08333333	0.013671837
68.16666667	0.014113037
68.25	0.014545013
68.33333333	0.014969178
68.41666667	0.015386734
68.5	0.015698268
68.58333333	0.015920058
68.66666667	0.01606588
68.75	0.016147397
68.83333333	0.016174481
68.91666667	0.016155489
69	0.016097493
69.08333333	0.016006482
69.16666667	0.015887524
69.25	0.01574491
69.33333333	0.015582271
69.41666667	0.015402681
69.5	0.015141987
69.58333333	0.01481264
69.66666667	0.014425178
69.75	0.013988524
69.83333333	0.01351023
69.91666667	0.012996688
70	0.012453309
70.08333333	0.011884674
70.16666667	0.01129466
70.25	0.01068655
70.33333333	0.01006312
70.41666667	0.009426724
70.5	0.008781952
70.58333333	0.008130089
70.66666667	0.007472225
70.75	0.006809281
70.83333333	0.006142036
70.91666667	0.005471151
71	0.004797184
71.08333333	0.00412061
71.16666667	0.003441827
71.25	0.002761176
71.33333333	0.002078942
71.41666667	0.00139537
71.5	0.000812748
71.58333333	0.000315579
71.66666667	-0.000109256
71.75	-0.000472861
71.83333333	-0.000784635
71.91666667	-0.001052537
72	-0.001283301
72.08333333	-0.001482629
72.16666667	-0.001655347
72.25	-0.001805539
72.33333333	-0.001936664
72.41666667	-0.002051649
72.5	-0.002211389
72.58333333	-0.002409014
72.66666667	-0.002638707
72.75	-0.002895545
72.83333333	-0.00317536
72.91666667	-0.003474627
73	-0.003790358
73.08333333	-0.004120025
73.16666667	-0.00446149
73.25	-0.004812941
73.33333333	-0.005172846
73.41666667	-0.005539905
73.5	-0.005838061
73.58333333	-0.006077892
73.66666667	-0.006268351
73.75	-0.006417018
73.83333333	-0.006530308
73.91666667	-0.006613653
74	-0.00667165
74.08333333	-0.006708191
74.16666667	-0.006726568
74.25	-0.006729571
74.33333333	-0.00671956
74.41666667	-0.006698532
74.5	-0.00662653
74.58333333	-0.006511378
74.66666667	-0.006359702
74.75	-0.006177108
74.83333333	-0.005968342
74.91666667	-0.005737423
75	-0.005487751
75.08333333	-0.005222206
75.16666667	-0.004943223
75.25	-0.004652867
75.33333333	-0.004352883
75.41666667	-0.004044749
75.5	-0.003544691
75.58333333	-0.002882173
75.66666667	-0.002082136
75.75	-0.001165692
75.83333333	-0.00015071
75.91666667	0.000947681
76	0.002116678
76.08333333	0.003345439
76.16666667	0.004624792
76.25	0.005946968
76.33333333	0.007305394
76.41666667	0.008694505
76.5	0.010030505
76.58333333	0.011321547
76.66666667	0.012574534
76.75	0.013795307
76.83333333	0.014988812
76.91666667	0.016159234
77	0.017310119
77.08333333	0.018444464
77.16666667	0.01956481
77.25	0.020673305
77.33333333	0.021771769
77.41666667	0.022861741
77.5	0.023768556
77.58333333	0.024520333
77.66666667	0.025140872
77.75	0.025650322
77.83333333	0.026065735
77.91666667	0.026401549
78	0.026669983
78.08333333	0.026881382
78.16666667	0.027044501
78.25	0.027166753
78.33333333	0.02725441
78.41666667	0.027312785
78.5	0.027250116
78.58333333	0.027084986
78.66666667	0.026833124
78.75	0.026507846
78.83333333	0.026120421
78.91666667	0.025680392
79	0.025195832
79.08333333	0.02467358
79.16666667	0.024119421
79.25	0.023538253
79.33333333	0.022934223
79.41666667	0.02231084
79.5	0.021735591
79.58333333	0.021201085
79.66666667	0.020701068
79.75	0.020230245
79.83333333	0.019784135
79.91666667	0.019358943
80	0.018951458
80.08333333	0.018558962
80.16666667	0.018179153
80.25	0.017810085
80.33333333	0.017450107
80.41666667	0.017097825
80.5	0.016639662
80.58333333	0.016091871
80.66666667	0.015468212
80.75	0.014780333
80.83333333	0.014038093
80.91666667	0.013249837
81	0.012422628
81.08333333	0.011562448
81.16666667	0.010674358
81.25	0.009762642
81.33333333	0.008830928
81.41666667	0.007882285
81.5	0.007002388
81.58333333	0.006180683
81.66666667	0.005408237
81.75	0.004677487
81.83333333	0.003982032
81.91666667	0.003316454
82	0.002676165
82.08333333	0.002057285
82.16666667	0.001456526
82.25	0.000871106
82.33333333	0.00029867
82.41666667	-0.000262775
82.5	-0.000761385
82.58333333	-0.001206808
82.66666667	-0.001607208
82.75	-0.001969497
82.83333333	-0.002299526
82.91666667	-0.002602247
83	-0.002881854
83.08333333	-0.003141893
83.16666667	-0.003385369
83.25	-0.003614826
83.33333333	-0.003832414
83.41666667	-0.004039957
83.5	-0.004215055
83.58333333	-0.004362689
83.66666667	-0.004487076
83.75	-0.004591785
83.83333333	-0.004679836
83.91666667	-0.004753787
84	-0.004815802
84.08333333	-0.004867714
84.16666667	-0.004911074
84.25	-0.004947194
84.33333333	-0.004977186
84.41666667	-0.005001991
84.5	-0.005006625
84.58333333	-0.004994183
84.66666667	-0.004967286
84.75	-0.004928156
84.83333333	-0.004878668
84.91666667	-0.004820414
85	-0.004754738
85.08333333	-0.004682781
85.16666667	-0.004605507
85.25	-0.004523732
85.33333333	-0.004438147
85.41666667	-0.004349337
85.5	-0.004191803
85.58333333	-0.003976095
85.66666667	-0.003711145
85.75	-0.003404511
85.83333333	-0.003062593
85.91666667	-0.002690808
86	-0.002293741
86.08333333	-0.001875273
86.16666667	-0.00143869
86.25	-0.000986772
86.33333333	-0.000521874
86.41666667	-4.60E-05
86.5	0.000444936
86.58333333	0.000948592
86.66666667	0.001463023
86.75	0.001986577
86.83333333	0.002517852
86.91666667	0.003055663
87	0.003599007
87.08333333	0.004147034
87.16666667	0.004699025
87.25	0.005254372
87.33333333	0.00581256
87.41666667	0.006373152
87.5	0.006870144
87.58333333	0.0073133
87.66666667	0.007710885
87.75	0.008069895
87.83333333	0.008396251
87.91666667	0.008694967
88	0.008970286
88.08333333	0.009225799
88.16666667	0.009464548
88.25	0.009689106
88.33333333	0.009901651
88.41666667	0.010104028
88.5	0.010312637
88.58333333	0.010526522
88.66666667	0.010744872
88.75	0.010967003
88.83333333	0.011192334
88.91666667	0.011420373
89	0.011650704
89.08333333	0.011882977
89.16666667	0.012116892
89.25	0.012352198
89.33333333	0.012588681
89.41666667	0.012826161
89.5	0.013024941
89.58333333	0.013190964
89.66666667	0.013329257
89.75	0.013444078
89.83333333	0.01353903
89.91666667	0.013617164
90	0.013681061
90.08333333	0.013732907
90.16666667	0.013774553
90.25	0.013807563
90.33333333	0.013833264
90.41666667	0.013852778
90.5	0.013741701
90.58333333	0.013520083
90.66666667	0.013204893
90.75	0.012810496
90.83333333	0.012349052
90.91666667	0.011830854
91	0.011264615
91.08333333	0.01065771
91.16666667	0.010016381
91.25	0.009345914
91.33333333	0.008650781
91.41666667	0.00793477
91.5	0.007371047
91.58333333	0.006936232
91.66666667	0.006610537
91.75	0.006377209
91.83333333	0.006222068
91.91666667	0.00613311
92	0.006100177
92.08333333	0.006114666
92.16666667	0.006169298
92.25	0.00625791
92.33333333	0.006375286
92.41666667	0.006517009
92.5	0.006523369
92.58333333	0.006415146
92.66666667	0.006209931
92.75	0.005922613
92.83333333	0.005565798
92.91666667	0.005150154
93	0.004684713
93.08333333	0.004177119
93.16666667	0.003633844
93.25	0.003060365
93.33333333	0.002461319
93.41666667	0.001840631
93.5	0.00128295
93.58333333	0.000778604
93.66666667	0.000319405
93.75	-0.000101578
93.83333333	-0.000490213
93.91666667	-0.000851464
94	-0.001189537
94.08333333	-0.001507989
94.16666667	-0.001809832
94.25	-0.002097617
94.33333333	-0.0023735
94.41666667	-0.002639311
94.5	-0.002950662
94.58333333	-0.003300564
94.66666667	-0.003683097
94.75	-0.004093252
94.83333333	-0.00452679
94.91666667	-0.004980119
95	-0.005450202
95.08333333	-0.005934466
95.16666667	-0.006430735
95.25	-0.006937166
95.33333333	-0.007452199
95.41666667	-0.007974512
95.5	-0.008366966
95.58333333	-0.008649497
95.66666667	-0.008838979
95.75	-0.008949697
95.83333333	-0.008993744
95.91666667	-0.008981353
96	-0.00892119
96.08333333	-0.008820589
96.16666667	-0.008685756
96.25	-0.008521949
96.33333333	-0.008333614
96.41666667	-0.008124517
96.5	-0.007863324
96.58333333	-0.007558033
96.66666667	-0.007215414
96.75	-0.006841197
96.83333333	-0.006440233
96.91666667	-0.006016628
97	-0.005573858
97.08333333	-0.005114866
97.16666667	-0.004642141
97.25	-0.004157792
97.33333333	-0.003663604
97.41666667	-0.003161086
97.5	-0.002537732
97.58333333	-0.001812093
97.66666667	-0.000999871
97.75	-0.000114358
97.83333333	0.000833194
97.91666667	0.001833262
98	0.002877782
98.08333333	0.003959932
98.16666667	0.005073933
98.25	0.006214897
98.33333333	0.007378683
98.41666667	0.008561789
98.5	0.00972471
98.58333333	0.010870543
98.66666667	0.012001914
98.75	0.013121041
98.83333333	0.014229805
98.91666667	0.015329797
99	0.016422362
99.08333333	0.017508642
99.16666667	0.018589601
99.25	0.019666056
99.33333333	0.020738699
99.41666667	0.021808114
99.5	0.022719362
99.58333333	0.023496725
99.66666667	0.024160755
99.75	0.024728853
99.83333333	0.025215745
99.91666667	0.025633897
100	0.025993863
100.0833333	0.026304576
100.1666667	0.026573595
100.25	0.026807323
100.3333333	0.027011178
100.4166667	0.027189744
100.5	0.027361924
100.5833333	0.027528697
100.6666667	0.027690895
100.75	0.027849218
100.8333333	0.028004263
100.9166667	0.028156532
101	0.028306452
101.0833333	0.028454383
101.1666667	0.02860063
101.25	0.028745452
101.3333333	0.028889068
101.4166667	0.029031663
101.5	0.028968911
101.5833333	0.028732337
101.6666667	0.028348625
101.75	0.027840365
101.8333333	0.027226675
101.9166667	0.026523742
102	0.025745267
102.0833333	0.024902845
102.1666667	0.024006295
102.25	0.023063926
102.3333333	0.022082771
102.4166667	0.021068786
102.5	0.020171596
102.5833333	0.019373271
102.6666667	0.018658634
102.75	0.018014836
102.8333333	0.017431003
102.9166667	0.016897929
103	0.016407822
103.0833333	0.015954085
103.1666667	0.015531134
103.25	0.015134245
103.3333333	0.014759415
103.4166667	0.014403258
103.5	0.013927423
103.5833333	0.013350283
103.6666667	0.012687389
103.75	0.011951906
103.8333333	0.011154979
103.9166667	0.01030604
104	0.009413074
104.0833333	0.008482839
104.1666667	0.007521058
104.25	0.006532573
104.3333333	0.005521483
104.4166667	0.004491259
104.5	0.003543561
104.5833333	0.002665719
104.6666667	0.001847008
104.75	0.001078352
104.8333333	0.000352065
104.9166667	-0.000338356
105	-0.000998418
105.0833333	-0.001632782
105.1666667	-0.002245392
105.25	-0.002839588
105.3333333	-0.003418197
105.4166667	-0.003983612
105.5	-0.004463885
105.5833333	-0.004872085
105.6666667	-0.005219278
105.75	-0.00551483
105.8333333	-0.005766667
105.9166667	-0.005981502
106	-0.006165015
106.0833333	-0.006322014
106.1666667	-0.006456569
106.25	-0.006572127
106.3333333	-0.006671603
106.4166667	-0.006757467
106.5	-0.006762003
106.5833333	-0.006697696
106.6666667	-0.006575117
106.75	-0.006403209
106.8333333	-0.006189547
106.9166667	-0.005940539
107	-0.005661613
107.0833333	-0.005357362
107.1666667	-0.005031672
107.25	-0.004687836
107.3333333	-0.004328639
107.4166667	-0.00395644
107.5	-0.003510154
107.5833333	-0.003001156
107.6666667	-0.002439073
107.75	-0.001832053
107.8333333	-0.001186997
107.9166667	-0.000509743
108	0.000194766
108.0833333	0.000922345
108.1666667	0.001669453
108.25	0.002433093
108.3333333	0.003210725
108.4166667	0.004000202
108.5	0.004921921
108.5833333	0.005955578
108.6666667	0.00708399
108.75	0.00829261
108.8333333	0.009569125
108.9166667	0.010903112
109	0.012285747
109.0833333	0.013709562
109.1666667	0.015168236
109.25	0.016656416
109.3333333	0.018169574
109.4166667	0.019703874
109.5	0.020960219
109.5833333	0.02198128
109.6666667	0.022803178
109.75	0.023456488
109.8333333	0.023967091
109.9166667	0.024356895
110	0.024644445
110.0833333	0.02484544
110.1666667	0.024973166
110.25	0.025038872
110.3333333	0.025052079
110.4166667	0.025020846
110.5	0.024946169
110.5833333	0.024834715
110.6666667	0.024692132
110.75	0.024523197
110.8333333	0.024331957
110.9166667	0.024121836
111	0.023895732
111.0833333	0.023656099
111.1666667	0.023405014
111.25	0.023144235
111.3333333	0.02287525
111.4166667	0.022599319
111.5	0.022301369
111.5833333	0.02198478
111.6666667	0.021652412
111.75	0.02130669
111.8333333	0.020949662
111.9166667	0.020583064
112	0.020208366
112.0833333	0.019826812
112.1666667	0.019439452
112.25	0.01904718
112.3333333	0.018650748
112.4166667	0.018250797
112.5	0.017789627
112.5833333	0.017276637
112.6666667	0.016719783
112.75	0.016125799
112.8333333	0.015500384
112.9166667	0.014848364
113	0.014173823
113.0833333	0.013480219
113.1666667	0.012770478
113.25	0.012047077
113.3333333	0.011312114
113.4166667	0.010567363
113.5	0.009833158
113.5833333	0.009107878
113.6666667	0.008390154
113.75	0.007678825
113.8333333	0.006972911
113.9166667	0.006271579
114	0.005574127
114.0833333	0.004879958
114.1666667	0.004188569
114.25	0.003499533
114.3333333	0.002812488
114.4166667	0.00212713
114.5	0.001503274
114.5833333	0.00093148
114.6666667	0.000403754
114.75	-8.67E-05
114.8333333	-0.000545513
114.9166667	-0.000977629
115	-0.001387119
115.0833333	-0.001777458
115.1666667	-0.002151584
115.25	-0.002511987
115.3333333	-0.002860773
115.4166667	-0.003199726
115.5	-0.003525873
115.5833333	-0.003841179
115.6666667	-0.004147308
115.75	-0.00444567
115.8333333	-0.004737456
115.9166667	-0.005023677
116	-0.005305186
116.0833333	-0.005582707
116.1666667	-0.005856852
116.25	-0.00612814
116.3333333	-0.006397009
116.4166667	-0.00666383
116.5	-0.006832393
116.5833333	-0.006917782
116.6666667	-0.006932766
116.75	-0.006888153
116.8333333	-0.006793093
116.9166667	-0.00665533
117	-0.00648142
117.0833333	-0.006276912
117.1666667	-0.006046503
117.25	-0.00579417
117.3333333	-0.005523278
117.4166667	-0.005236677
117.5	-0.004831689
117.5833333	-0.004326491
117.6666667	-0.003736465
117.75	-0.003074634
117.8333333	-0.002352022
117.9166667	-0.001577959
118	-0.000760345
118.0833333	9.41E-05
118.1666667	0.000979821
118.25	0.001891923
118.3333333	0.002826385
118.4166667	0.003779774
118.5	0.004713678
118.5833333	0.005631087
118.6666667	0.006534534
118.75	0.007426162
118.8333333	0.008307786
118.9166667	0.009180942
119	0.010046929
119.0833333	0.010906848
119.1666667	0.01176163
119.25	0.012612065
119.3333333	0.01345882
119.4166667	0.014302459
119.5	0.01514225
119.5833333	0.015978785
119.6666667	0.016812562
119.75	0.017644006
119.8333333	0.018473475
119.9166667	0.019301271
120	0.020127652
120.0833333	0.020952834
120.1666667	0.021777003
120.25	0.022600313
120.3333333	0.023422896
120.4166667	0.024244864
120.5	0.024912311
120.5833333	0.025448958
120.6666667	0.025874885
120.75	0.026207091
120.8333333	0.026459963
120.9166667	0.026645679
121	0.026774551
121.0833333	0.026855304
121.1666667	0.026895326
121.25	0.026900869
121.3333333	0.026877227
121.4166667	0.02682888
121.5	0.026823149
121.5833333	0.026853491
121.6666667	0.02691437
121.75	0.027001096
121.8333333	0.027109701
121.9166667	0.027236828
122	0.027379632
122.0833333	0.027535707
122.1666667	0.027703015
122.25	0.027879832
122.3333333	0.028064698
122.4166667	0.028256378
122.5	0.028195409
122.5833333	0.027920577
122.6666667	0.027464714
122.75	0.026855612
122.8333333	0.026116795
122.9166667	0.025268178
123	0.024326616
123.0833333	0.023306379
123.1666667	0.022219544
123.25	0.021076335
123.3333333	0.019885407
123.4166667	0.018654086
123.5	0.017556337
123.5833333	0.016571654
123.6666667	0.01568268
123.75	0.014874721
123.8333333	0.014135341
123.9166667	0.013454011
124	0.012821819
124.0833333	0.012231222
124.1666667	0.011675834
124.25	0.01115025
124.3333333	0.010649895
124.4166667	0.010170895
124.5	0.009685135
124.5833333	0.009193652
124.6666667	0.008697326
124.75	0.008196899
124.8333333	0.007693001
124.9166667	0.007186165
125	0.006676842
125.0833333	0.006165413
125.1666667	0.005652203
125.25	0.005137485
125.3333333	0.004621489
125.4166667	0.004104413
125.5	0.003637038
125.5833333	0.003211734
125.6666667	0.002822043
125.75	0.002462497
125.8333333	0.002128469
125.9166667	0.00181604
126	0.001521896
126.0833333	0.001243229
126.1666667	0.000977664
126.25	0.000723188
126.3333333	0.000478099
126.4166667	0.000240957
126.5	-1.74E-07
126.5833333	-0.000244681
126.6666667	-0.000492047
126.75	-0.000741831
126.8333333	-0.000993664
126.9166667	-0.00124723
127	-0.001502263
127.0833333	-0.001758539
127.1666667	-0.002015866
127.25	-0.002274082
127.3333333	-0.002533053
127.4166667	-0.002792661
127.5	-0.003024474
127.5833333	-0.00323276
127.6666667	-0.00342113
127.75	-0.003592642
127.8333333	-0.003749884
127.9166667	-0.003895046
128	-0.004029983
128.0833333	-0.004156265
128.1666667	-0.004275221
128.25	-0.004387974
128.3333333	-0.004495478
128.4166667	-0.004598538
128.5	-0.004677034
128.5833333	-0.004734738
128.6666667	-0.00477484
128.75	-0.004800043
128.8333333	-0.004812635
128.9166667	-0.004814551
129	-0.004807431
129.0833333	-0.004792662
129.1666667	-0.004771417
129.25	-0.004744691
129.3333333	-0.004713326
129.4166667	-0.004678034
129.5	-0.004539619
129.5833333	-0.004313914
129.6666667	-0.004014318
129.75	-0.003652175
129.8333333	-0.003237087
129.9166667	-0.002777183
130	-0.002279342
130.0833333	-0.001749389
130.1666667	-0.001192252
130.25	-0.000612107
130.3333333	-1.25E-05
130.4166667	0.000603627
130.5	0.001243825
130.5833333	0.001904414
130.6666667	0.002582263
130.75	0.003274722
130.8333333	0.003979549
130.9166667	0.004694844
131	0.005419001
131.0833333	0.006150659
131.1666667	0.006888667
131.25	0.007632049
131.3333333	0.008379981
131.4166667	0.009131765
131.5	0.009841213
131.5833333	0.010514826
131.6666667	0.011158104
131.75	0.011775705
131.8333333	0.01237157
131.9166667	0.012949037
132	0.013510929
132.0833333	0.014059638
132.1666667	0.014597188
132.25	0.015125292
132.3333333	0.015645399
132.4166667	0.016158738
132.5	0.016718802
132.5833333	0.017318418
132.6666667	0.017951514
132.75	0.01861295
132.8333333	0.019298375
132.9166667	0.020004107
133	0.020727028
133.0833333	0.0214645
133.1666667	0.022214288
133.25	0.022974501
133.3333333	0.02374354
133.4166667	0.02452005
133.5	0.025302882
133.5833333	0.026091068
133.6666667	0.026883785
